3 3 0 0.8660254 0.5 0 0                                 # 60    0   0
-12 1 0 0.7933533 0.4870091 0.3652569 0                   # 60    45  0
-13 -11 0 0.7071068 0 0 0.7071068                           # 0     0   90
-5 8 0 0.5 0.8660254 0 0                                   # 0     30  0
10 -5 0 0.258819 0.9659258 0 0                             # 0     0   45
7 2 0 0.258819 0.9659258 0 0                                # 0     0   45
-8 -3 0 0.5 0.8660254 0 0                                   # 0     30  0
-2 6 0 0.7071068 0 0 0.7071068                               # 0     0   90
4 -9 0 0.8660254 0.5 0 0                                     # 60    0   0
-11 0 0 0.7933533 0.4870091 0.3652569 0                     # 60    45  0
-10 -12 0 0.7071068 0 0 0.7071068                             # 0     0   90
6 7 0 0.5 0.8660254 0 0                                      # 0     30  0
-7 -4 0 0.258819 0.9659258 0 0                                # 0     0   45
-4 3 0 0.258819 0.9659258 0 0                                 # 0     0   45
9 -6 0 0.5 0.8660254 0 0                                      # 0     30  0
-1 5 0 0.7071068 0 0 0.7071068                                 # 0     0   90
5 -10 0 0.8660254 0.5 0 0                                      # 60    0   0
-9 2 0 0.7933533 0.4870091 0.3652569 0                        # 60    45  0
-8 -12 0 0.7071068 0 0 0.7071068                                # 0     0   90
7 6 0 0.5 0.8660254 0 0                                         # 0     30  0

