-12.560849317227543    -31.4398131473409   0    1.9015172673507408
-32.70280941122053    38.10287892612388    0    2.7860195950178284
-30.35820052929558    -32.374838968729804  0    1.6042387093265877
39.53994913735613    39.19678518501479     0    1.4323391644624337
18.470072312396056    -8.102451495685976   0    2.9384694465323853
-6.942552960521077    22.94191814924686    0    4.209301020154502
1.3662357967113294    -23.176622700724884  0    2.4666181711024517
9.987583993770528    -4.724287418309096    0    1.7009093050330075
6.707618557415316    8.184759901097713     0    1.7251431739695975
-11.096076620407736    -41.81377175227469  0    4.528008604251488
-16.58449649636726    -8.07860598443095    0    1.465443720727778
25.945362668411946    -5.375923634275431   0    2.45332755825296
6.5933297765654615    -34.84046165110376   0    4.226908348440274
18.447460564799556    -0.41325756802311986 0    2.715060296698382
13.862921857956863    22.07379272688533    0    3.850851380480828
41.65935596679253    -42.96700031099534    0    4.368574909260802
22.833351793130987    28.117014607205164   0    3.322762343265035
-26.22545056776235    -13.879146353230581  0    4.975041617068961
-39.07985296364487    -44.73657664031959   0    2.295996974106006
40.78728964622013    -35.669193360717045   0    2.6657853771672313
-13.297186893905383    20.013329836743296  0    1.9590786220279366
-14.724466611242    25.66763621441639      0   4.133621175469916
3.0497896924914016    -0.4199134617559608  0    4.667673207118897
23.221481067698306    43.95035123706437    0    2.575049070276659
-32.33105282960653    -18.71256606749888   0    3.0813556276555096
3.1359238463210986    12.272883430770179   0    1.6007378971518023
-42.66039740736957    -18.566928463516486  0    4.226742611800878
-24.399922879648592    21.496918647662042  0    3.3337421075199685
43.948727913732355    -29.24753903021402   0    1.8629130137471366
-1.830242405394273    17.541027361496035   0    3.6774767592692705
-1.640244851957604    37.098759439472985   0    4.712779559852692
24.841429997589373    13.524403360865037   0    3.850670896500073
4.214652813012982    26.106581660872763    0    3.562201524730104
16.880146846179137    -17.86188810121934   0    1.3875032128232259
-32.904035827887284    1.913407548459702   0    2.5120345314832333
41.80723337943172    -20.08001614023991    0    1.0897462997746472
42.59755331130681    10.942192520671966    0    4.722681587893909
44.68190671610023    -25.550085511902058   0    3.5022963895521393
-27.38143794050929    -6.169558259151586   0    3.5267519724973964
-22.94035159402618    -37.51050144393706   0    3.730739903253119
-10.560592923244627    31.7673922430143    0    2.367184088715105
-34.92650560223186    31.7928747815059     0    2.849578188240746
7.652683891296526    -30.290671970656774   0    1.7437765044796594
-32.198643899063896    -24.856975619771898 0    3.8919073070638115
32.79951226970084    -38.80883887425618    0    2.2154058582975305
29.202348162617014    39.98406439830602    0    1.9293106540299605
7.636917059796595    44.98870947310533     0    4.316952629919902
37.30549283952524    -33.50916495409864    0    3.6945255537330777
33.398744186112694    -19.585357078038456  0    3.111419691896732
-22.284603007101705    -36.20277332867397  0    2.299791972976991