3.6380430939769752 36.56937321282432 -0.8714314029585699
4.249915920903038 35.89863285873052 -0.7710092273734057
4.804563118456814 35.23516141533984 -1.0297351279377072
4.575161161146988 34.250681741937825 -2.9547214157752606
4.758536321308674 34.28287282515105 -2.987456963149053
4.602575983277261 34.23891406129812 -2.6859677963863056
4.1026001871640245 34.07069147723483 -3.0136218959064682
3.5683761725668175 33.97288906955207 -2.8808771750750712
2.7810187444725765 33.81886815523397 -3.049720581936765
2.168987541982523 33.78838620054435 3.128193189639901
0.9189586012083513 33.58218809201665 -2.7127872385360714
1.089194746700457 33.829993316722955 -1.3626378960386312
1.126486570019798 33.68084367184789 -1.2705177115883695
1.2523704325699452 33.01420642236157 -1.5546231140072369
1.2048304631975397 32.086505153059484 -1.7230564582015333
1.20900777597082 32.11151506642901 -1.7561525053726017
1.194840957240509 32.03802736002505 -1.7688667029592313
0.9022328075755179 30.947197883646812 -1.9288761614652543
0.8581268874474309 30.81259086787075 -1.8252761264607846
0.7968661975642 30.45229500733109 -1.6101221125990088
0.8305113926150688 29.715066467464162 -1.397793255158927
1.609595050121412 29.61407811288131 1.774425486717087
1.5104860187492426 30.23182969940817 1.6630512445894194
1.4932714119322172 30.470800719384446 1.6121943506774747
1.716121583570045 31.414576880879324 0.9290021771895959
2.0590209255110095 31.859757332387137 0.8926516125973712
2.1025568082143136 32.014084035158454 1.900621176636443
2.0440874851219535 32.168641277865994 1.9802152478843333
1.8290483305837477 32.77532747557192 1.8082493100651482
1.6019712406399282 33.68590231155313 1.825599142007221
1.5984584326761047 33.699442027440995 1.8232118036640106
1.4036701693115663 34.13978072876989 2.2333791927556845
0.9892883611611291 34.614546919003594 2.37089615082966
0.9583117091344329 35.02761744553163 0.5577743183645554
1.1145082187863882 35.13249440714252 0.6415925400250303
1.3157568444739383 35.27706192076915 0.5949546370740209
1.9933681025127026 35.487658562443315 -0.13911015389353576
2.6249468331470447 35.33920934332384 -0.368470517623285
3.3981255010884754 35.11874676050287 -0.1417110790344589
3.793055124990614 35.06489051484007 -0.12626637623215142
3.5191346132206203 35.090656749343935 -0.0450721140690602
3.6405043948238442 35.07430633413902 -0.2671655964265707
3.764419165183306 35.03515432435569 -0.36433456849600976
4.0441523567178566 35.00718238545707 0.2973424348470489
4.66152862328709 35.55366017513259 1.3653772618686975
4.719981856939076 35.900494830261934 1.4615138370635736
4.763395394805055 36.122298636921386 -0.31929104837880473
4.738285121560037 36.108529015028836 0.1621099702255835
5.670813130904737 36.63496855277386 1.0416595288894959
5.96602600575545 36.94275808163864 0.4531403636526709
5.951140217326321 36.93556238494489 0.4459758269072486
6.10271417716657 37.01121163806235 0.48833733327195894
6.750990633594367 37.26447241063783 0.19858306895105113
7.158970715288935 37.12584009191915 -1.116776427521934
7.624884771032652 36.58321843291854 -0.4781113538038664
8.237010759817645 36.27010255396404 -0.46488952956543006
8.271816316382361 36.25280501588577 -0.45573009510748186
8.661729486277707 36.08821335222262 -0.31498494636549434
9.023110455770574 35.88804876996894 -0.7920809250425069
9.432764053254694 35.53685080624803 -0.5836775506731833
10.051522884507104 35.21724791116766 -0.316428966280518
10.843038318883512 34.93410086246021 -0.38421301975662114
11.508786939616794 34.66539302408512 -0.3827331545550843
11.56719802545415 34.6408261161765 -0.4212161461136237
12.155576475143613 34.56467520047132 0.31005027715527417
12.893340630908092 34.793628743466485 0.28720122560303135
12.848791610191073 34.77981049303323 0.32112466360895414
13.32673904489324 35.01480180597772 0.6607119362519791
13.580969872020809 35.27827768009702 1.0170669902265588
14.1665608881064 35.902385214061674 0.5174674541578504
14.652281889678504 36.784030822891715 1.891906011836809
14.430537425156842 37.16093801322789 2.418611243471528
13.75502068355688 37.512251402441045 3.0271363721679503
13.029264652125088 37.170936228504765 -1.8709140326616556
12.857677541638587 36.6166939874926 -1.871195634887389
12.335333462659433 36.34914192673155 2.41942503640883
12.354179749326798 36.33256769997132 2.421492549116008
12.316979562810829 36.364850536866605 2.4348792070240246
11.976096882385637 36.672029958245695 2.3680659348147195
11.963072048261536 36.684678170306896 2.3750595442352243
11.706452035935406 36.90309841572962 2.5284996281593144
10.736355318239367 37.493262617441324 2.6948796746600014
10.66786619768547 37.52808075478037 2.6358498332251092
10.488244059874383 37.13455460630021 0.4735155348007245
10.642577637299697 37.20957064480691 0.42081921116463145
10.307064413024118 37.038824790603044 0.545645552400657
11.009428849334089 37.52040395883142 0.6841139853765354
12.064630220909496 38.133866299153254 0.29034969387266557
11.92320895874024 38.096295922940044 0.21363793129009834
12.140616096774234 38.14593217382725 0.2407001651262165
12.815230197937224 38.354071971912575 0.38711349273948686
13.947229910078384 38.33158621490956 -0.6303230792810695
13.658299702846017 38.566510738173825 -0.7611859243541081
13.893502409209603 38.19662812475015 -1.3692412402585203
13.920433545272191 38.0722925882552 -1.339865416423673
14.317062836360478 37.19662597927127 -0.8539408338755523
14.817940044823517 36.76362186082109 -0.5012068247303088
14.25037226857762 37.1090763365503 -0.6150925646824286
14.544055710740082 36.841061312340976 -0.9266913371311265
14.68626306126705 36.65100099867629 -0.9310479094878739
14.438016231006854 36.95073395236655 -0.8011266102740606
14.831918344342329 36.511250994472746 -0.89840344004757
14.959826160714305 36.344397120071044 -0.9443061249875102
14.755078123250824 36.68331753571268 -1.1519261615758651
14.803452379322211 36.632557336392374 -0.29576392632649817
15.553544132103195 36.48345256655665 -0.04691454040137977
15.856472971292591 36.46069348725502 -0.1171012798991482
16.293124931524854 36.57183720836571 0.7987604933084864
16.866065425473913 37.024826328297095 0.47437655154220615
17.572041725702118 37.65673929397664 1.113675834685549
17.769539457954707 38.08106554210489 1.1674318739495337
17.598695971889516 37.559253352380516 1.3848308856563496
17.552585967010465 37.39280686487083 1.1741225112452502
17.31695247706443 37.233136071542596 -0.2723092604754491
17.342316650441138 37.22607521430267 -0.27029877318044804
16.80143999915207 37.418805990383035 -0.4503097808805485
