3.8864891380531077 -28.10126751523874 -1.7247273573246074
3.8823997521771063 -28.127154069889595 -1.7315962346017244
3.9650408951059797 -27.868920353554326 -2.1039096235334664
4.178911790187369 -27.443141308693168 -1.9348509271973153
4.471767549865277 -26.80420369713568 -2.09915037104353
4.517592294776213 -26.72476090947531 -2.0862808481638684
4.667647342478229 -26.460827165658262 -2.089971017821184
4.690540152751883 -26.420649015438496 -2.086795324184605
4.578963205053534 -26.615772016254226 -2.0954172273813043
4.835569458685604 -26.195299399128665 -2.1537260877036957
4.905390728723821 -26.087687844461815 -2.135276921901341
5.008010893649024 -25.92921786480162 -2.160735426863093
5.433019787798103 -25.605962877534555 -2.9872770901771397
5.900113430471796 -25.479372094906672 -2.7114149561945102
6.117404051389056 -25.385739541149412 -2.769696128099192
6.5470791959389425 -25.180275098053414 -2.5843268308278757
7.319778147262686 -24.820600976711425 -2.8883654779116488
7.543190441652295 -24.76357864035843 -2.896687523380367
7.789826601647239 -24.652543283040814 -2.4514018031539644
7.996650099166186 -24.49876732788948 -2.578537747172424
8.000051512439928 -24.496620462866517 -2.57861796035488
7.926219114212015 -24.55378400590771 -2.3389765851009927
8.092302952000924 -24.40281366821699 -2.5011024816347462
8.227859259621273 -24.301246225077946 -2.4947533698100424
8.31443036284245 -24.235881891111546 -2.4950600313991957
8.527179384269788 -24.10293119531343 -2.715040695800052
8.612451997612506 -24.06266912650158 -2.6786050373851835
8.932011891382697 -23.91857227126422 -2.777021336483342
9.354460113766407 -23.71284632844968 -2.555495895461849
9.460148524615697 -23.629271285295598 -2.3480216843870996
9.616252409508764 -23.46905743628177 -2.3359726488391033
9.721026917014386 -23.348014579759088 -2.2067327107046255
10.0262929337786 -22.958596443111055 -2.279012486037697
10.130380494274496 -22.83504674403743 -2.25874531488361
10.093186238465798 -22.879110361981738 -2.2915250650976615
10.311675094535035 -22.40216439043633 -1.5636264034141476
10.22360300959216 -21.785616954102277 -1.2268328956703698
10.123398476023068 -21.528437972303504 -1.1579052256990616
10.006195623060739 -21.232288329823454 -1.2480280094194027
9.87218753752871 -21.006609021848163 -0.7153306461726849
9.457715395705018 -20.68340005067642 -0.5827723515527783
9.396926994937262 -20.642428487388035 -0.6085024910372461
9.255589388862434 -20.547529806272603 -0.5654834271625564
9.161055756646935 -20.48337707914546 -0.6423615336490895
8.986918195645671 -20.34748665786542 -0.6930867728012791
8.931113646872168 -20.30129268060558 -0.6890020155219556
8.546209101493298 -19.97225544124138 -0.7347604613877978
8.374690336850215 -19.822381416154844 -0.6932418555783748
8.298137969281258 -19.75794519939328 -0.7093164153969012
8.155938028463623 -19.64109854178802 -0.6556187825062167
7.994622453692225 -19.511789000423672 -0.7058516477276058
7.9261709649252765 -19.45057843736833 -0.7652512920273127
7.690042307677334 -19.189531225962547 -0.9408142095141638
7.727963414646859 -19.251864399693876 -1.1494069164880463
7.634730313701287 -19.05080880979531 -1.1173727043576012
7.567875851525571 -18.913818635628715 -1.1158797371944509
7.48747760723744 -18.750137483815767 -1.1117379060206503
7.263850379700901 -18.233916066327637 -1.2373945889131024
7.206701227057482 -18.081102504345672 -1.176209531762721
7.142412363889833 -17.872414511648135 -1.4155847318005046
7.127689737233737 -17.785594189093683 -1.3836690829517941
6.97813099072682 -17.257241479351705 -1.1618630997727077
6.951282941723882 -17.187900865650168 -1.260657556825885
6.934692517352757 -17.139601670466444 -1.2088394509882008
6.858707206217086 -16.842654067960435 -1.487450307497812
6.844734668050928 -16.62015489199413 -1.5390258526220348
6.835380466077446 -16.50969919219685 -1.407237607537052
6.815523209066299 -16.302561890363812 -1.5772015845171374
6.829239704412215 -15.827846878497063 -1.6334037680247073
6.818436535559019 -15.485924926864673 -1.3979228745503338
6.777092148307431 -15.141398895842748 -1.5315251516705155
6.787347310007132 -14.715525568831323 -1.6898922322862777
6.843960502386102 -14.481377816439846 -1.9852304283264024
6.950778189717043 -14.225939567536836 -1.9393325839719502
7.062266840506642 -13.572927381911265 -1.4407404134915582
6.964076349556595 -13.272381770501822 -0.9764415587894684
6.889167307565711 -13.166337277661746 -0.9248199574157736
6.7620861059918544 -12.983710571963659 -1.0199188743562857
6.365363337606443 -12.495071037746893 -0.6922362281632886
5.952866284732693 -12.203935350565645 -0.49814647285721136
5.739627207126206 -12.076987423166743 -0.59522945353062
5.4618993727326615 -11.900575316995381 -0.5219032442741476
5.124325506564139 -11.743517182159177 -0.3058146799995285
4.930411139913134 -11.68465506098873 -0.27804728799839395
4.603320268656433 -11.604827829780094 -0.18136132416668094
4.157734482524944 -11.561145674926719 0.027739867507041112
3.5617734565900983 -11.622568429268316 0.2151462683017449
3.476582413613171 -11.641880938572097 0.2346020615768243
3.312810776391928 -11.691162336581524 0.3788377698164227
3.205300614412102 -11.738722945790732 0.4729962044306404
3.1589007670939124 -11.762390466961918 0.4696984962609515
2.8277420600360497 -11.926816008348858 0.44759323772994264
2.711684270613828 -11.979087023603599 0.38655112894440147
2.6538626443613964 -12.009115789798571 0.6176615814198835
2.6335689137340683 -12.024136881372032 0.6664804096562235
2.579941875516118 -12.067831738767389 0.709517703946593
2.4703390086640744 -12.158431606518382 0.6626307257296451
2.461262141396673 -12.16544870230505 0.6513190586664027
2.4424358905255934 -12.179920693622353 0.6614476778331904
2.2164755283875444 -12.391533692927556 0.8893820628393536
2.1277678533032414 -12.53941974898413 1.2421667999913069
2.047643804426751 -12.834970483902925 1.40189666678211
2.027516825671122 -12.977658149757051 1.4738166186971315
1.9572610492087366 -13.568748901725927 1.4205087921584605
1.9380819548911388 -13.676644012538677 1.356429297819093
1.9301219472375983 -13.712507344226454 1.346313692526996
1.9341953207066043 -13.69444266292258 1.3530724729232737
1.9445042040547267 -13.645242956857285 1.3810237439422859
1.9392223692770205 -13.6723470681938 1.3743050798967829
1.9721937385823485 -13.454230574190222 1.4904627642371573
1.8608413057680258 -13.861545605782744 1.0241442442813344
1.4317270365930783 -14.325825713285244 0.5256334039929802
1.1428902034601103 -14.539031768605758 0.8012410003132622
1.1046352158956851 -14.5777209715344 0.7757418852518596
1.1559419942521318 -14.529581696717512 0.7202808033572957
1.0890084708526853 -14.586391140011585 0.6789902606878214
0.9577556456406905 -14.692624893382554 0.682604395944131
0.8292929272351592 -14.800413350809608 0.7213705561949937
0.6118997454333249 -15.004929268442694 0.8051597085597231
0.4178795953753598 -15.191112258675455 0.7042304288670556
0.45010008355967973 -15.163497884510317 0.7150774740174106
0.14925681936018192 -15.359825367796972 0.3728693346167514
-0.10196871702226087 -15.444003422912495 0.24897708244622652
-0.21464319734711101 -15.47552038237287 0.3083998535484173
-0.7218280655978607 -15.60781826861754 0.1753044615267845
-1.3139063831662412 -15.66888487329727 -0.006016699231824241
-1.6319109609274576 -15.659528878684348 -0.06450609800598617
-1.6813620054918683 -15.656211876146582 -0.07068126160998922
-1.829388495235465 -15.644374235952831 -0.09347790773059561
-2.064113154432574 -15.630850467849092 -0.003662712574846516
-2.4333026682084635 -15.60934746302184 -0.1399511443511532
-2.4580216826854016 -15.605835259493551 -0.14292419942023749
-1.6272895597108048 -15.38031110804876 0.8771047730850683
-1.8052883393515218 -15.644114690145244 1.1274064093258789
-1.9551196561655766 -15.897993566994735 0.9029834673364505
-1.9365503347932589 -15.882935410671076 0.3489287355001218
-2.18906682741304 -15.984920184672024 0.43621019578584985
-2.398051297019207 -16.05683432641694 0.17423500408543396
-2.8683655366282084 -16.208526751158544 0.5186476161968808
-3.1003426774159997 -16.328869545231484 0.4184051979548658
-3.424327393646215 -16.43762264832355 0.18203039720281555
-3.988216792510502 -16.642724893811184 0.599083781791539
-3.8187154215937733 -16.52874789417468 0.5813211219793413
-3.9884346364584156 -16.63973160708799 0.5758428456530978
-4.1474491544124845 -16.727488800609265 0.3969524889658371
-4.394768165695431 -16.852288034954416 0.5728899581597036
-4.766140944014592 -17.068804636632716 0.4602608426835454
-5.166478906642935 -17.18267048208285 0.0023753016769990642
-5.504875568740437 -17.18374557477238 0.004379568738665742
-5.880436874354909 -17.20866428881927 0.15906434353775573
-6.157716651403945 -17.265200007269115 0.26424622127214314
-6.061957129849634 -17.237112287248774 0.31691239981537705
-5.983701954417211 -17.211526678766962 0.3146201646614631
-6.153912830670135 -17.25752191092325 0.18787356373817327
-6.3368138405574 -17.296079094277932 0.23760695648624663
-6.857374329908146 -17.392506662059002 0.10149419140508165
-7.144566226180772 -17.408772203605672 -0.010801159999766163
-7.875789518095318 -17.340631515122638 -0.21609552510518792
-7.221098534254938 -17.333432462673642 0.3516324485421056
-7.223323641628276 -17.33425128643493 0.35408475363405734
-7.469738910082147 -17.417458852354194 0.28299878407248835
-7.859996181021802 -17.50502240119764 0.12729792071309992
-8.017550320735971 -17.527977140913652 0.17074400674979412
-8.135426142716424 -17.54649068623038 0.13335169232498711
-8.42050560549733 -17.630913725463845 0.5197486907801074
-8.85618480225084 -17.829201763445916 0.28814403530280613
-8.721124259723934 -17.782695366229692 0.39683723430080475
-8.978618844684936 -17.8923638161662 0.41133829808268824
-9.021492504250064 -17.910608869234352 0.38884183490957264
-9.388035886194588 -18.093941029402135 0.5761861912773327
-9.225923410061158 -17.983559110083405 0.6301953746352648
-9.588561573193955 -18.31413040465288 0.9026383394307771
-9.669022608869632 -18.407865124221736 0.7996700036666223
-9.879024773459172 -18.647336645841026 0.9276664995662883
-9.922733273619532 -18.704862953393757 0.9111315899032282
-9.942149553900293 -18.730076954566815 0.9197533099542762
-10.021648037768665 -18.82989445789434 0.865947339709013
-10.090954526573592 -18.908694056667617 0.8245972181110147
-10.123203510714355 -18.943644844201692 0.8270593346652169
-10.412887584944308 -19.255185457124433 0.8137498070338358
-10.80042254831755 -19.74438959440267 1.0314887364038496
-10.839044994800226 -19.806970242420107 0.9973984670725157
-11.080045138496804 -20.167205347293255 0.9568387895310255
-10.976407957099287 -20.029276293831295 0.8807727528350136
-11.210008811163622 -20.45658579230801 1.3551081180942954
-11.318801103774689 -20.753375295624853 1.0159433186625695
-11.569500030074117 -21.045724487076207 0.6309487557676386
-11.552803043633977 -21.03351541630618 0.6320000737831306
-11.784663862812348 -21.197044736023667 0.5876700568830241
-12.33672647558643 -21.53610855498822 0.49544029675162704
-12.687794448731637 -21.877782317613516 1.1864347584326322
-12.701998945269398 -21.91224597611776 1.1699790045790008
-12.772860987926189 -22.08302780671728 1.1887519723861577
-13.072563929867686 -22.55424966038668 0.7276649086906433
-12.410891389275028 -22.122797368281947 0.3530632227037682
-12.030218099250718 -21.97162339953363 0.41546368100613396
-11.429066110754512 -21.75996638180835 0.22313371073015772
-10.86713422885578 -21.57830011603569 0.44700786020507854
-10.666924424885345 -21.471962081417058 0.5500949653173886
-10.611655869136296 -21.436811365043756 0.5910306902147038
-10.917718833176208 -21.700083408475525 0.8894032996691813
-10.953680851057756 -21.744697819764145 0.8968187126713127
-11.270150874338475 -22.127543075331744 0.8548451205840761
-11.497347814774376 -22.445439671290774 1.093433299668315
-11.686870693805007 -22.9866872628725 1.4447990431390145
-11.719275052087616 -23.2342476510711 1.4344052628711834
-11.75975713002423 -23.718132723850516 1.5667175336803352
-11.76110798034961 -23.82054703798565 1.5439412937837849
-11.80862710855876 -24.146320889655325 1.2489691712129347
-11.78644825321532 -24.080079988651523 1.245814558692081
-11.906327767981493 -24.38264050182522 1.115167417072721
-11.953995189717755 -24.474988351413145 1.0629853050721227
-12.048145593873627 -24.628679681011757 0.9584417326099914
-12.14719497244379 -24.804930878762516 1.20934522942172
-12.24006315443422 -25.065865906400045 1.258157908648937
-12.25056794013878 -25.521870191379232 1.9821726527023442
-12.013179869911943 -25.879091208606976 2.4200559806623225
-11.927247297434992 -25.95733488220016 2.3773997644127967
-11.86830909744636 -26.013982770685054 2.373917016737891
-11.69358943098208 -26.179241792659912 2.3991606750541474
-11.5177999042771 -26.353903353373354 2.2997917145158167
-11.300909826107025 -26.60305792705272 2.2679981682256147
-11.07997774861805 -26.852680882910285 2.3362464013109054
-11.052988538891094 -26.880446504669834 2.3506695231862498
-10.926407722920324 -27.014299086576955 2.294695604482896
-10.907609739418227 -27.035309148832898 2.3096639583509906
-10.736902750661665 -27.204513795659153 2.4370397195608753
-10.558845256929562 -27.347145704463937 2.5099788595362074
-10.179919995368902 -27.60626341590706 2.5895482610349254
-10.041981000179677 -27.700226351403 2.4746810361936857
-10.000790771701459 -27.73297458635634 2.4626737869131445
-9.845114640130621 -27.844408375968953 2.606833626714861
-9.596268932998324 -28.030747021587228 2.336880344903575
-9.373450615197635 -28.263190065071687 2.332320831668925
-9.291454136790225 -28.361574386321422 2.1654983792008067
-9.235180227082266 -28.447170540033067 2.13270377219274
-9.237800459810792 -28.443007422810734 2.132313619472236
-9.077376614740905 -28.724314658178418 2.024219684486436
-8.871485997590195 -29.153593734478914 2.008687996586961
-8.942607632921472 -28.08416176073618 1.0799746656243616
-8.946949182010675 -28.092306612058902 1.082702314143308
-8.572409208631727 -27.44508614924397 0.99142997365304
-8.458130063166063 -27.28722136384322 0.8733702615254061
-8.40789178994993 -27.22900900382162 0.8369281844934138
-8.059643158138789 -26.88236979986977 0.7023128987883746
-7.785908364718224 -26.638005888854213 0.7684532318548907
-7.611209700115816 -26.48351682348591 0.6575271438716144
-7.635374061254966 -26.502366112818 0.6698449784428276
-7.66559171820944 -26.52607615798496 0.6584974076370373
-7.657157045083145 -26.519548986049724 0.6587319109204285
-6.83498540068379 -26.369875646752217 -0.537911994563931
-6.43758402594645 -26.631469510415677 -0.6485339173839133
-6.277503549044644 -26.770412272384164 -0.8142650008295282
-6.185856819004315 -26.877846800633115 -0.9399420705447925
-5.856696960626623 -27.395421703845543 -1.1009629813460275
-5.769676641416222 -27.555491751865905 -1.0306803350424687
-5.810412647717132 -27.49523716309709 -0.894768288614336
-5.321166045573425 -28.047760769776573 -0.7730063633759521
-4.719256075309665 -28.57893024767949 -0.6481080100884329
-4.764630599655657 -28.544482637025638 -0.6512204183451198
-5.103398090379272 -28.34265156666206 -0.3664472776637151
-5.393552598153389 -28.22872515064419 -0.3856939329495379
-5.821212015061315 -28.074862906189644 -0.2848556306162475
-5.893897689013378 -28.053952263908055 -0.27302031789007586
-5.4839254277138965 -28.151573618222862 -0.1748788997984052
-5.781149153110368 -28.122738926925404 0.0205413983507486
-5.6726610518683485 -28.120229104650342 0.027013936665156706
-5.578205593040931 -28.11956666323315 -0.02298802323501814
-5.632116195070408 -28.11811634462904 -0.03275747000183227
