44.698987334073365 -10.358883480576722 1.2139923520818892
44.87008249265177 -9.328506025327213 1.6946284261565165
44.76680085414412 -8.934657137383486 2.026203182278426
45.32436866254747 -8.433094086624592 -1.2078814467338184
45.80462877852239 -9.109247483917416 -0.5711839619071668
46.075848324808746 -9.297253387835188 -0.6585713855244624
46.75843745870208 -9.765783424546616 -0.5159950830525917
46.49622784511399 -9.622070140248683 -0.47943774714343856
46.772859729521706 -9.778512560382678 -0.5675556004813789
47.268542372817 -10.569271918083123 -1.675847080989822
47.15875047762786 -10.847348760622001 -2.353314858427916
46.86078295466177 -11.239083119419378 -2.022703284514237
46.78245547351676 -11.39094408804064 -2.0834235122328586
46.84207874686047 -11.283988896831929 -2.073237654235605
46.72170382357092 -11.513013231502557 -2.026925159555331
46.28615815913485 -12.418342389823165 -2.007618728243859
45.84188488678021 -12.872637528785807 -2.851176418813397
45.12758953449523 -12.946708306166132 2.964289237997173
43.99901749661367 -12.965843128591652 -2.8332543491844286
42.785363915241376 -12.983373864513258 2.715194176310476
42.18036862606911 -12.81699219074121 3.110244226621186
42.171770547129526 -12.824361925695346 -1.323012209803255
42.52399106985362 -13.619137812663745 -0.8995743107836294
42.83309737212055 -13.332353115561817 -3.0639326884413833
42.40678437029101 -13.378259871906002 -2.989907923414145
43.033170983518886 -13.334050205270724 3.0902206515587114
42.58777204706646 -13.36322391980656 -2.9010177551446095
41.86232327531879 -13.533945224798973 -2.924638613824554
41.51043019732628 -13.58139728744484 -3.131925204940157
41.47196612745617 -13.583269486574498 -3.0345048525107834
40.580494167778475 -13.458832476162428 2.634236244892859
40.05764167046791 -13.21584546215843 2.81503116625318
39.583190008994855 -13.05209047451864 2.8005753423888566
39.11636293009566 -12.66046019892528 1.9080538563587035
39.0239109569014 -12.34740519830144 1.7828084857438475
38.55078495176983 -11.31151200511223 2.3238742992017176
38.2521275277762 -11.020117710097916 2.435446495260178
37.70111268832354 -10.512323877619856 2.339310888229566
37.683247386935385 -10.49390484131273 2.343370379306637
37.424942458379135 -9.890874759810732 1.423686470835511
37.40954812523731 -8.964238715831113 1.8329901371954802
37.435747132516575 -8.53692240863401 1.0244208035086908
37.4712672987713 -8.479641755282659 1.0026760647635733
38.28533948248357 -7.9681449632609755 -0.10155846856620254
38.57712463335175 -7.985337145865487 0.005206081992465986
38.63966723125554 -7.985177387606685 -0.0014231589942239609
39.09775574994073 -8.037966969771878 -0.2846970793025063
39.6076699399938 -8.165349819587746 -0.18495943320027042
39.87515138706456 -8.206211138553769 -0.1015389296832705
40.12759958976235 -8.205540555273927 0.15894917959945276
39.998621863041116 -8.231765572678384 0.26306434529734596
40.607797781841995 -8.035770239430459 0.38360133731257506
41.08319509304968 -7.708004308662108 0.9336352920715555
40.86161448397056 -7.9864935905345025 0.8463273420620934
40.528150387949765 -8.401276706895493 0.9646405918135278
40.364022435597704 -8.648536792265793 1.015014632200553
40.10938031310104 -9.06148745271128 1.023055296280067
40.032869804633435 -9.205153523168027 1.1690242163761604
39.96872281109138 -9.28071164980918 0.41370711368433044
39.79300952270859 -9.359335170101286 -2.7103177958339426
39.58868394886265 -9.299572487703022 1.7833042425211447
39.76148169439405 -9.916776110677144 1.9344838353290588
39.78823860108187 -9.987887014710463 1.924974348670056
40.25603804704917 -10.808672105033196 2.3345901356392957
40.57406415944716 -11.10710242510888 2.4680437652869043
40.74229829204185 -11.282487373980848 2.1364023350664825
40.89674275985044 -11.686426961761674 1.6353746230372774
40.964790378427395 -12.009296455921234 1.9932261992181928
40.925442089360764 -11.915192427936164 1.9272577879895632
40.9165655821722 -11.891570439778443 1.9347247964848453
40.80565817421281 -12.043232681449112 -2.1244216949620913
41.027344189729895 -11.62643234331513 -1.9624129894292812
41.14205068498029 -11.314617480483557 -1.8646281775565061
41.51347694676169 -10.675605262294187 -2.4463463365565934
41.78452240071061 -9.890825860647151 -1.088849330308446
41.48248164402382 -9.215310236126127 -1.242562993948674
41.54011494313125 -9.41340951636519 -1.355355463372402
41.54246727963063 -9.424055092672239 -1.350272976244339
41.34465644982442 -9.108372293308511 -0.5021860514315204
40.970529885609494 -8.919428742854857 -0.4158712349313989
40.63187749520372 -8.83462811698524 0.010404745864392606
40.465561592624894 -9.561157417507571 -2.9344037544335424
40.29381089086777 -9.585334388360094 -3.102753711899805
40.80309737743249 -9.552981668746437 -3.041250230717764
41.287836882336606 -9.572188287981044 2.8920744128274753
41.41342922245359 -9.607574341200557 2.8292855801533054
41.67843201600339 -9.666960726736422 3.0589158043080964
42.0150818412983 -9.702577090426715 3.0020969810244122
42.035491319500466 -9.705520318632699 2.992782372905299
42.51716190710454 -9.797362055408055 2.8937787254997303
42.91435557262627 -9.88213818779264 2.9876073450605665
43.129890392257465 -9.718436577601416 -1.2867096610199429
43.20960968453412 -9.97429826754902 -1.2418287182058023
43.186898018705506 -9.907819914573633 -1.2412281145980746
42.995913264872115 -9.252876388842227 -1.355805640833199
42.70613876936262 -8.991020217800392 0.19663153261097754
42.10046436728501 -9.161793858470237 0.39210706426462194
41.983439180617324 -9.215803315425244 0.4928206667507985
41.41999059728743 -9.383526129514552 -0.015932093117374535
40.95781630041005 -9.403331771374402 0.13096560139602195
40.772101029672264 -9.422733412772871 0.06378218021951117
40.74680393709114 -9.424401446400115 0.06893284889606094
40.77092558018596 -9.422903475359965 0.0516533734862339
40.38934626024375 -9.427386828899381 -0.04810774487273495
40.18651067545899 -9.407864122332262 -0.16772176280500073
39.8886268305731 -9.347095739090493 -0.2515148375590446
39.645771757204294 -8.876246158215569 -2.3592379805871397
39.65863191691149 -8.863351260336112 -2.3482572808543964
39.61780340306613 -8.904044684221134 -2.3722430490986355
40.001541781003624 -8.56969454528436 -2.5037947253980795
40.2713538379072 -8.3200570641396 -2.23184129762706
40.902191202005234 -7.666710287584107 -2.4989083126860128
40.71041363755628 -7.81139369690448 -2.4897879573850017
41.01113783089672 -7.573811064010929 -2.4477119295779297
41.35566501897908 -7.309229117724454 -2.5451770739569706
42.313067409167815 -6.692916982730461 -2.606322441888585
42.78103639178419 -6.4182004801850265 -2.6174090499033147
42.87307195257116 -6.367227070874208 -2.6633925150288356
43.0267176664415 -6.303734693329336 -2.8792258041617984
43.408562615841795 -6.2331100797993475 -3.077919245652197
43.927828670946845 -6.40824570424526 2.2328472013485974
44.01356129642594 -6.5165884165379175 2.2512684963132097
44.28199504164374 -6.7775743403828095 2.5487509036828278
44.11149910669429 -6.675623877874368 2.6835521991626927
44.24289046123458 -6.618346798606311 0.14398847542875925
43.847723378282815 -6.547859279535216 -0.6572764311060766
43.92878495917076 -6.643817011625539 -1.1874609539415406
43.81043236430356 -6.373857068678752 -1.1128686355687103
43.91158267428015 -6.573244133203 -1.0839990270993107
43.810732917340964 -6.400755258976334 -0.978306922641865
43.574543805857836 -5.9823933246034064 -1.174653960605374
43.64653981211823 -6.243224490316525 -1.491711891984604
43.603250045163854 -5.903776768350166 -1.3723097592594158
43.57622605030421 -5.745411592125053 -1.4459872826243547
43.62411671286272 -5.157365174908859 -1.9611622376150706
43.48557697054317 -5.453580036355116 -2.0789362277409884
43.45894006319223 -5.501222694318674 -2.083089666480804
43.2440266577457 -5.166591017694185 0.6248930383403195
43.341765513282176 -5.0878949169445145 0.7573694884319238
42.900525715347136 -5.6865884806653275 1.2031067826106878
42.954011327332424 -5.561409716895817 1.1128430457430283
42.79448695565396 -5.936630973296839 1.252737353698432
42.71998210135004 -6.203906444424861 1.3682460119937634
42.71510704541292 -6.443559836095508 1.823773533978208
42.7876555184443 -6.768356578884832 1.740726543356732
42.75643649980587 -6.653386121635696 1.9787663993839477
42.8728608551647 -7.424381536654927 1.3335235475930185
42.80033741728155 -7.7405712615443 1.3630381061980268
42.775692402206104 -7.883316301723836 1.4550207550405247
42.77170067538744 -7.917225374908052 1.451511544387739
42.72785698656046 -8.348734321317318 1.4965784565420959
42.68730506124829 -9.172429269159089 1.559143107137556
42.72148492171659 -9.52753035344146 1.8281718384342027
42.78094898329455 -9.773934155238079 1.7767330267553327
42.858467498284156 -10.062125452782624 1.9188001491284234
42.89997119064189 -10.572821784752447 1.2515171358627575
42.886448492166956 -10.62872264515473 1.456351456376458
42.76291205945306 -11.175758067145807 1.1872053704859598
42.781701192735014 -11.076718425598783 1.6774698043485081
42.86002544848938 -11.450796300134362 1.926780792958338
42.90477232845881 -11.575696756432869 1.8968562785694754
42.99826701158943 -11.862188284741407 1.870323097112927
43.084274636392124 -12.247407039812883 1.6706731277836995
43.16699813056756 -12.785747446332545 1.8021593697070237
43.19288754910788 -12.892987783714663 1.8159578104995577
43.245180086449686 -13.234993084090533 1.5823658785841432
43.24532324500211 -13.24659486749345 1.5842888272150246
43.01284819930979 -13.137946790331503 -1.8986149052788157
43.10942914521435 -12.870959556651144 -1.9468143415616233
43.2337015057561 -12.580107623511285 -2.0162491690196536
43.32374364396944 -12.62135192144229 1.9505420894387655
43.33750167728901 -12.656183073974345 1.9416323358956018
43.449582389550784 -13.624968134473741 1.3024922441320637
43.39629212395128 -13.957472800182074 1.5759580569188054
43.742760822099044 -14.354906663205035 -2.927645291953393
44.16314449223088 -14.296368572589715 -3.1166149448197595
44.70316941905682 -14.257880810258648 -3.001184119685824
44.94441734298052 -14.235620112337125 -3.1221740404186877
45.05283102840927 -14.232299560318427 -3.0941731742496055
45.23532388481573 -14.225637099473545 -3.1214922301689003
45.43772348507006 -14.235754413513325 2.9865788766292027
45.983644875492864 -14.32116541272165 2.986126253609292
46.04665762655127 -14.330578106354933 3.0040892793986966
46.85481926575372 -14.163396671749622 -2.4253650899407937
46.90841962037552 -14.123204579843177 -2.6074252451153863
47.12007247013241 -13.997770389740898 -2.6053662242982307
47.20747938562981 -13.953446678445445 -2.7726612745283514
47.22278088883793 -13.947496142388408 -2.7677683866454967
48.04056361717246 -13.6735839212046 -2.8943282135642074
48.149258964482804 -13.592248980321783 -1.9064851172862562
48.156358392059616 -13.572517582055328 -1.9307173361921848
48.240494983465254 -13.326641571187345 -1.8551680146370897
48.357556924395396 -12.987106076953081 -1.9742606943904173
48.36599307153397 -12.967395301443815 -1.9766151507160368
48.483767225768545 -12.67364554585424 -1.9153455076747505
48.37364299056906 -12.960289090111901 -1.970970345306462
48.5456043655359 -12.55529334542817 -1.97436573736252
48.53851104882149 -12.339814766803665 -0.8831746812488506
48.45290977344785 -12.243954643213106 -0.7799196050475743
48.34255649199879 -12.127930256372 -0.8562317121604801
48.163369465020786 -11.910654113010951 -0.918593632076603
47.894477471218345 -11.181813925792156 -1.6655013099826066
48.05778549576931 -10.674148179967595 -2.2068136276239905
47.78572517651227 -11.098044530343417 -2.0432583508973714
47.90452879179638 -10.846627920755253 -1.9656950850712986
47.90370539500951 -10.848604736381825 -1.9651281404918555
48.12684644755607 -10.396569124852999 -2.125657262766979
48.29628249306281 -10.159701862325395 -2.2908410466464115
48.43662300572481 -9.983832768986602 -2.1745035851309726
48.555649124496234 -9.797067861161468 -2.0837319780013743
48.61146630537173 -9.700979416865112 -2.1170237016079287
48.737552800017895 -9.501417599839257 -2.1601708206751793
48.67659768310032 -9.591390066752263 -2.1753740509732378
48.96792588535051 -9.064667778769795 -1.9269731858165162
49.14644376211398 -8.634484108644426 -2.0199150635965424
49.409501968092655 -8.18473060308512 -2.2202137810041656
49.154266334004895 -8.697761343030269 -1.7507952670028804
49.226010801154466 -8.121521002392168 -1.6104654297257381
49.222750837783884 -8.218428923888144 -1.5953604776119121
49.26108150886951 -7.464871245098186 -1.661006279371776
49.26413366856507 -7.01098226904186 -1.4522923024305987
49.28733099169889 -7.167111813111509 -1.3798064355882653
49.215732986005 -6.717031038960137 -1.4628904907266058
49.18492432393098 -7.3585656804044 -1.8526213644616583
49.072363647078355 -8.003908824817499 -1.5797656050274798
49.03034925378834 -8.338637281593464 -1.8695045005508701
48.977451911432745 -8.498106239519704 -1.9234546826231833
48.9951602167843 -8.931160680732319 -0.9396366214667804
48.93233850802702 -8.85210019782997 -0.8389321201341513
48.813849548583775 -8.726660820335228 -0.7763121808291338
49.16155888760349 -9.074994311686673 -0.8012689251730141
49.35442851884406 -9.235172502877093 -0.5307558575126468
48.8117553530258 -8.98016450945023 -0.302085818580041
48.569175349954435 -8.904378732375205 -0.30389120944641945
48.8429908913035 -8.985463337945827 -0.2639163187579161
48.71634152948817 -8.944150463423277 -0.3924150810907232
48.369483749657384 -8.75685442299148 -0.6491705776904819
48.484218377803735 -8.80992915130414 -0.1094233791066177
48.57010891753474 -8.819531459639764 -0.11420177285880495
48.10310229981386 -8.613088963322575 -0.8692649596885014
47.900028308871335 -8.308349753650509 -1.15357242825029
47.94182421023535 -8.404322210089354 -1.169808136833936
48.03868528795186 -8.682345479811369 -1.3341746913141224
48.01750471606564 -8.570668761492163 -1.4571450947117333
47.9813078578532 -8.303054846219197 -1.405168515361665
47.98493491511723 -8.32490141769641 -1.4079295246199903
47.922161234092414 -7.658340847208401 -1.5803501144524175
47.93860604467909 -7.282546047549533 -1.6657960942570567
47.86439956437822 -7.65575753160921 -1.9189778622671856
47.74334824045069 -8.01823457805903 -1.8543007717730893
47.56211096110697 -8.450805033693099 -2.137435859343789
47.065233753269666 -9.109209761341557 -2.337042434004651
46.97319401814076 -9.211394192228884 -2.2544613971744285
46.470048055627885 -9.736576929504608 -2.4552280803476076
45.68358547512333 -10.095977865534765 -3.0995226429034326
44.81784676495953 -10.112902145351558 3.127353779784633
44.345462122942685 -10.084523352995037 3.012942247097147
43.70105439770218 -10.402567220038318 -1.8024423978610962
43.754184737604845 -10.143402629947083 -1.728838514259893
43.6921915005409 -10.424602998858724 -1.8762039476495609
43.57503574753877 -11.346235549926732 -1.428783663502963
43.43403905571576 -10.586160357685117 -1.3252686557371964
43.420655476793286 -10.535753742959653 -1.290276822437928
43.32953990769791 -10.28674446999468 -1.1146263000136436
43.08087027638445 -9.845029405381274 -0.97319691162987
43.15338014705555 -9.943571044798759 -0.881269697825493
43.77410400581213 -10.477606942513479 -0.45426690767837563
43.44865171094274 -10.351490672499663 -0.24283377446086885
43.11428089536179 -10.211925713771038 -0.6242798211716263
43.265148063833536 -10.325303050240642 -0.6747382954336603
43.221050677143424 -10.025511157981256 -2.549768298492258
43.362125246638605 -9.918286585573764 -2.4045643292747156
43.48576956177163 -9.805808694235076 -2.4017788809893705
43.57755575769741 -9.726195939860974 -2.4650802790276063
43.80685740988429 -9.524705848856325 -2.354040083560626
44.00282444224627 -9.249954764026606 -1.9448439916493765
43.937603676120105 -9.425388397630341 -1.8995620944330271
43.89387982211462 -9.553496661707753 -1.8999148178621752
43.80243096946847 -9.804274443609415 -1.9513075693916484
43.77832784953502 -9.864292592914728 -1.9547357222266672
43.91544382126476 -9.57974715760726 -2.1174986846165202
43.7453964748293 -9.832032176384892 -2.233448043412274
43.68706208826977 -9.90626596707739 -2.241905018119823
44.04980053601026 -9.257245604618713 -1.838262468087768
44.06611151071265 -8.704858577654601 -1.2433960809978295
44.12109540971629 -8.868149188676652 -1.2498986550643298
44.10471296446931 -8.82027750887272 -1.2278344333689617
44.11201231053262 -8.84048710748191 -1.2187349228243738
44.006194472313766 -8.605796761227678 -1.0399189006091802
44.0430188269237 -8.668223086925288 -1.0347404206293431
44.10429361282396 -8.771558883323838 -1.0367986366057167
44.24083182854713 -9.03499170875883 -1.1763350144842786
44.04829202555414 -8.84233876680695 -0.19972718769271403
44.22431564270553 -8.879773082716747 -0.22427080822304024
44.714354227191826 -8.986689323365775 -0.2006261103581073
44.087835881254286 -8.785973394620692 -0.4741508374698764
44.67375862939972 -9.228803049633504 -0.9067514954025233
44.75322051199515 -9.328894781145527 -0.8893521560072202
45.02894710433092 -9.930753543681522 -1.518987174765721
44.35897718122049 -10.631049951115582 2.7265003564058423
44.145765581577514 -10.545041401774288 2.805656356986325
43.77256087518288 -10.419791432709921 2.8360093166570746
43.4270259976559 -10.316086040285228 2.8710274543921224
43.236480036305984 -10.254844163564336 2.7700046781772194
42.96527789675483 -10.137884912526044 2.681067444217441
42.789135213326816 -10.048235301765805 2.655405399708947
42.95525159639998 -10.126719879962296 2.767423665378547
42.6248553837383 -10.03644107333702 3.03601361797352
41.81505148447709 -9.901575140380107 2.887394048600224
41.66401059015611 -9.902193093200104 -2.7500665662654
41.96329437381256 -9.815189086514508 -3.0216072616343856
41.983974062037625 -9.812813495972163 -3.0356352449667554
42.28544051150003 -9.771920954055858 -2.9634724231195606
41.62127116376515 -9.998777472216723 -2.585922960387582
