-9.266028426055072 -27.66230552964514 0.958710863771195
-9.066988356949091 -27.360475476996143 1.031460188230049
-8.453901663573603 -26.567841418589992 0.7339009831882298
-8.19544032152575 -26.307526253799733 0.8715775247046964
-7.785613953512054 -25.566918632396856 1.3560668663904971
-7.776426518078108 -25.526154804617153 1.3386953630302143
-6.994614872741491 -24.683586910388485 0.04891565133417575
-6.2063984903489136 -24.65750275705987 0.009327918149910722
-5.344607220533123 -24.3974583340928 0.7186590293769402
-4.749028848388703 -24.17257910283271 -0.1754091223689933
-4.875316954142707 -24.146803884841127 -0.24021966532606331
-4.328069516068959 -24.197270084584122 0.13043410017985754
-3.8042276772898513 -24.160826197400866 -0.022004936781027773
-3.00716281779896 -24.042206647575362 0.4023477872019754
-1.880912628015481 -23.912413986006147 -0.31667909763826607
-1.4720915190274566 -24.032687047580055 -0.24028757629193542
-0.6078793752228708 -24.01999077825742 0.39715659481270704
-0.19440224625991406 -23.794193167647734 0.6538647282975296
0.02003477793108218 -23.62203947390551 0.710343610970513
0.14967216859466315 -23.51293482144425 0.6834981099073045
0.42912918587961035 -23.237434324552485 0.9204250172618039
0.7026545546414084 -22.961127745549526 0.5955035033789191
1.2861907054071753 -22.600043743803706 0.49204058939700646
1.5170548398807755 -22.487343858394773 0.3972771015740148
1.5629239756829185 -22.46872379332181 0.36812330629364926
2.544298897787237 -22.08674600130943 0.3757778022516861
3.2491329848060717 -21.5080116601249 1.1550104381700503
3.395858906138837 -21.190836653318307 1.1112638446969652
3.700800080661896 -20.588891645579412 1.0878246753497682
4.167386990188637 -19.84695884282403 0.8917918916518462
4.333937652974693 -19.664125170451722 0.7422354866158541
4.276347022711388 -19.717294783175234 0.7504071163087138
4.764518287602542 -19.200874088378193 0.9081669692009496
4.925044671753282 -18.21002807585513 2.1632056007758163
4.727357899935179 -17.912241625237964 2.147314790949816
3.9766078597361814 -17.006171636200957 2.4358324501965436
3.863342978525901 -16.908257053935266 2.418139532951912
3.7583330409561153 -16.812336524968345 2.3762913474994587
3.380176559392823 -16.381584362036147 2.1637263322790825
2.972522275683905 -15.785075531742187 2.1801465679019008
2.4315813654837304 -15.267070360480867 2.6744054697124744
2.0310911012686224 -15.076867635516367 2.7339061554507618
1.3874044476759497 -14.783825591074502 2.685082406703995
0.5255736098818029 -14.474130177527812 2.9639169192898587
0.24921734532600603 -14.42580162833857 2.975288748625883
-0.18737469929258643 -14.272278771994175 2.5457126574139934
-0.5282071744607242 -14.008313785693703 2.3879633854568407
-0.6774654226711384 -13.847727028807816 2.2171772018851534
-0.8734454888271178 -13.539479436870412 2.01702318588877
-1.2777182052201785 -12.588551722485485 1.9064186476456448
-1.5825922668135914 -11.74929171044058 1.9384709941952296
-1.9654777706423887 -11.046616490663038 2.266576309939907
-2.3404837080732057 -10.799878787917452 2.999246106545743
-3.394252990411388 -10.701230471365717 3.1217557783419436
-3.4403593216348543 -10.70041274314617 3.127013355909607
-3.497043397237601 -10.697796101312692 3.048138841321739
-4.4223179271540145 -10.839000688151689 -2.6228122211766536
-5.135418344069047 -11.132009978629739 -2.9451056386175156
-5.138297933192613 -11.008403020128952 -1.0218983808648705
-4.938046706369038 -11.609248217194418 -1.5898810962634133
-4.767364449667504 -12.520948268153596 -1.0794920548946338
-4.824247515839463 -12.412053646293604 -1.1042990666603023
-4.341377300196728 -13.23556505610115 -0.944726825413861
-3.947296821851848 -13.806460289733213 -0.9994603227866241
-3.8602045798065467 -13.94108823918719 -0.9922995459775299
-3.7456893005341074 -14.143291638985565 -1.1502927946913557
-3.379356923112685 -14.646529923616885 -0.628453612001624
-2.745410733773625 -15.34106722364322 -1.134759103490305
-2.684185065859249 -15.46600033285345 -1.0856767704066108
-2.491183772705228 -15.878945609297457 -1.2054490634032557
-2.4947280948763737 -15.8696312113528 -1.209812176504811
-2.4664300026924155 -16.63699515582 -2.020121770373054
-2.5042841661316166 -16.72068516344605 -1.9587496523282848
-2.7598382597675135 -17.62449926845168 -1.6777603978989823
-2.80992807319314 -18.04258505158304 -1.7084481116887655
-2.7518967068056908 -18.38208004474089 -0.941073268836699
-2.353337684674075 -19.084488367931858 -1.2250873497353858
-2.2588604924129116 -19.383551646163706 -1.3243877793488439
-2.2579432057386075 -19.38717864709011 -1.3211318787127162
-2.126438917076771 -19.73629420390329 -1.0446896740999039
-1.90282034783196 -20.14836638572587 -1.1169639156917714
-1.815965109473317 -20.30385664261661 -0.9780100041063404
-1.5199838712753968 -20.900524794345493 -1.308755808417648
-1.3431107891443026 -21.432822483624005 -1.161846366152413
-1.289811473445109 -21.560352794496634 -1.1945439914499394
-1.1556410076394292 -21.863503862425496 -1.0934960969714096
-0.871115900564494 -22.231168732597627 -0.6402361518579118
-0.6856944772020761 -22.338009033721473 -0.3464897103333202
-0.27870986767262085 -22.50340333851648 -0.4452716126512062
-0.4230023124220534 -22.44319527775744 -0.3203428034046789
-0.01871910293293781 -22.60294441844369 -0.4602636798544806
0.6754839482058176 -22.95284298996278 -0.4767688020748544
0.6639583514194577 -22.946882651179035 -0.47800886442809265
0.8927470999756151 -23.040390612498115 -0.25296494016696247
1.7709064648195154 -23.2276794845195 -0.14586802691325662
2.358934025191301 -23.269982867588958 0.039258465803169204
2.7474850057168823 -23.297141397410428 -0.23334634088759287
3.570430823473626 -23.391458179638622 0.06474237314728329
3.7176957138360613 -23.385505133711124 0.003891616289917724
4.44664715027569 -23.55272157304652 -0.56956721468885
5.331438298073356 -23.936745941997742 -0.16938105652568058
5.413110680328928 -23.9537465659238 -0.25899278885855104
5.687133053542372 -24.03333851190965 -0.31821004350675164
5.420624342340747 -23.915529856927563 -0.5632306739038508
5.517409818225002 -23.976399809688463 -0.5586802311106611
5.511285279337331 -23.972561134181923 -0.5616569255310813
5.991815751812331 -24.24403399487147 -0.4431250502084261
6.488860153081791 -24.493359700765865 -0.4976624888365633
7.311264914411496 -25.214479660170856 -1.0531886151558467
7.452881466482073 -25.480103173749402 -1.1226760141983672
7.699828498233055 -26.25143721996322 -1.4683662387105745
7.757311028290899 -26.509455694716657 -1.1764295881632059
7.850297002519801 -26.70130799330026 -1.0340652986599075
7.744801460691496 -26.503160050500046 -1.1528013630230172
7.884443042383629 -26.938431479201856 -1.4216837214132472
7.968266051129075 -27.19464625082119 -1.004006380449587
8.134719502408164 -27.513528496767247 -1.2182694536835648
8.282317910674093 -27.935673725480022 -1.2587038317447652
8.384028158080902 -28.303032552919564 -1.363677785504982
8.291274856032809 -28.571445991141605 -2.7132618368743193
7.845433382418418 -28.868776109524635 -2.313684623237478
7.6134531157523755 -29.085926698374948 -2.5024758440354193
7.0009978391612275 -29.35562175162515 -3.063266427093321
6.326885740572428 -29.256326850218695 2.658489084833486
6.133854980660777 -29.142395136588927 2.5332442374990745
5.9630023708845865 -29.023977236783825 2.538915550368947
5.740375515882945 -28.46852727130963 1.0716168254087641
5.968162827088105 -27.736245764628777 1.5656225577426917
5.968629374135378 -27.68329620236326 1.5565296512426727
5.949629375702932 -27.125402260874413 1.677305069478777
5.914190753401659 -26.64213880961862 1.5940353717276154
6.03936409702885 -27.312719808089 1.9972883538719097
5.856230573801002 -26.86356430353579 1.8989360737489156
5.827316706531321 -26.783019167534512 1.940211283735723
5.8148969041570355 -26.7503108750881 1.9239169639152274
5.725659195848844 -26.528009905802136 1.9954561713455174
5.491090664826878 -25.817518939730515 1.7310134239900818
5.118111640935293 -25.08645095718339 2.50987417963842
4.9347076090041 -24.947043528750406 2.4643182957094196
4.668571640439166 -24.707348025079774 2.324568191307585
4.717265921916078 -24.757577639419665 2.364836194289483
4.137039843334933 -24.307366756066962 2.6570108585754655
4.065133369950898 -24.271127712364176 2.7014095590717853
3.822899089772664 -24.145709746693292 2.607491382711373
3.2343651633783335 -23.735553822920206 2.421119612024076
2.549225451843353 -22.921937186387805 2.0450235450763317
2.3129430631342394 -22.575293341400464 2.355179306166921
2.044932543959477 -22.275114974573558 2.216331426106865
1.6842667534646458 -21.749920135984055 2.106900332467789
1.2645538236844078 -20.610060348132862 1.6486616436454686
1.2779847740979329 -20.83656053105792 1.6020693298469395
1.2693388665128862 -21.13227579663114 1.4508144592485166
1.266272814704739 -21.47023330003451 1.7280890007121046
1.061750971962105 -20.843905584739257 2.1239205306814304
0.5786953855264063 -20.28929638274823 2.5324869217874437
0.44082489893956667 -20.192170749306765 2.5209519372102176
-0.4946852746314862 -19.805591293302868 3.092908786331602
-0.9892144820144202 -19.756441362539494 2.9669634588286367
-1.6934039244499777 -19.643233382041767 3.005037333652908
-2.6233796790544592 -19.758578916116175 -2.6282584663191986
-3.3105934202042735 -20.110704293685274 -2.7278065953591066
-4.401692492529413 -20.552751700779286 -2.799948810550837
-4.858591055580828 -20.693354609763258 -2.9077174406500803
-5.646935952904223 -20.86392051714133 -2.959717399226821
-6.176019873224892 -21.213996720256965 -1.9530761104551395
-6.229240636887607 -21.973216088515606 -1.1723387502078895
-5.942730465108137 -22.54755960800114 -1.0116685363055709
-5.724705824295095 -22.86270023018033 -0.8964289830634495
-5.4483423036385386 -23.417009540374895 -1.4260844364892886
-5.2591955973514795 -24.551826489927446 -1.3749698594955149
-5.190226954699351 -24.890185157341936 -1.3618401532352573
-5.169332784048809 -24.990625013340246 -1.3714768818587517
-5.066839498581215 -25.968701850554055 -1.6087515848377762
-5.066290085246798 -25.953769906084244 -1.6058081958949897
-5.076189477106744 -26.104510186924713 -1.682222712157758
-5.036106100554234 -25.788618082999037 -1.7191941118338514
-4.9667561571255066 -25.46011898846393 -1.8683409717363197
-4.780140624579389 -24.948146790365435 -1.998320456071938
-4.550570506834349 -24.545395526531095 -2.2246903433451104
-4.557366021685566 -24.554309984638355 -2.2182763227116764
-4.311339490100998 -24.203994784414604 -2.1302469314657166
-4.257584607899355 -24.124645182129495 -2.2201866976589866
-4.06288433919757 -23.895565212261396 -2.3578337491541697
-3.8013703136879076 -23.55304250451696 -2.0204438641694313
-3.8776281562412964 -23.715927675848544 -1.9909760034181048
-3.7108768344728316 -23.309216911572168 -1.9132694075527237
-3.677037823456773 -23.218375120949627 -1.9485401610839794
-3.7062246012475035 -23.293992297843424 -1.925087429784921
-3.522490042575601 -22.80870216472382 -1.9441841405108908
-3.5823349691800996 -22.929104029403376 -2.163913012371326
-3.4633437156102382 -22.735324862823237 -2.0578480819509064
-3.4438823905692684 -22.69886598206555 -2.065997431050553
-3.3704795057384143 -22.56441736751964 -2.0773254012399383
-3.2546171865703157 -22.364081703885574 -2.1218563944953432
-3.230915153057573 -22.325518409441404 -2.1219690312828092
-3.234570150133643 -22.331478299731895 -2.1193290921221957
-3.113029019984915 -22.104123423073705 -1.9753307620092535
-2.9901341509442734 -21.81502452257493 -1.968875174391405
-2.9585918407927982 -21.744356993007226 -2.0232099781335364
-2.8594250124351195 -21.55110328509176 -2.077442869734015
-2.7576434169263595 -21.36744522601858 -2.075963948393765
-2.846708448973805 -21.532517115733928 -2.05001267060383
-2.6891263542869166 -21.22940161403123 -2.0505235445639833
-2.808130491200596 -21.60777838162349 -1.6129981528468393
-2.9192737293822733 -21.280087056173755 -0.6900066044573192
-2.2914262123186635 -21.86098518449846 -0.8314307572513444
-2.4106654997243564 -21.714552662665298 -0.9713524337637311
-2.2244009553039104 -21.989029206209704 -0.9793857081422983
-1.8983750663214574 -22.452035504487792 -0.9241478091008535
-2.0812337673678583 -22.19294382367551 -1.004302003264593
-2.3935891207860576 -21.598267764980864 -1.211424624723195
-2.372919206422811 -21.650854761452088 -1.1735776700588438
-2.5754480730638374 -21.17615061527287 -1.1584721524364925
-2.726366972105601 -20.839963478202503 -1.1344078073996586
-2.8877808817167656 -20.53265326461688 -1.0162766702665502
-2.486121461357821 -21.213010584866765 -1.0693130272949336
-2.666159485748893 -20.860092112510983 -1.1437035208471036
-2.5812475314584113 -21.036680218996484 -1.0909141115663523
-2.732545336043192 -20.738149841329655 -1.117920266949728
-2.781392372895709 -20.634026691953316 -1.1534953096303813
-2.1504987963129403 -21.339448105369467 -0.37253605282277835
-1.0735231540787489 -21.712693183984786 -0.27523070509751335
-0.18280037355816994 -22.084101306196324 -0.5747860614502498
0.24014196817833278 -22.29827246461147 -0.3096749395888265
0.44629928680566416 -22.36154967456482 -0.28000849743884615
0.7227268972565336 -22.458515394486085 -0.42341463870465557
0.6218106202073446 -22.41308888574469 -0.42230505155020914
0.5860637007087096 -22.397960686954164 -0.3674111095508614
0.34134448232158904 -22.2781572040764 -0.5870249250566761
0.26658257927819595 -22.22618155437488 -0.6382321400693369
0.14278596835502239 -22.138027402670666 -0.5896345600822928
-0.3105907076681922 -21.84063652444547 -0.5669087544851692
-0.47463270475710695 -21.734405360480103 -0.5863262397230073
-0.5212967236213684 -21.702770349425048 -0.609912845303211
-0.7471843638140105 -21.5851749416178 -0.28509461993628804
-1.3250055474096212 -21.39614191480142 -0.36279165886263787
-1.4921018781493993 -21.328892339267377 -0.41237550032795944
-1.431591610706211 -21.3552277241367 -0.4076782795633571
-1.7859700356481933 -21.246595395089336 -0.13210495974265157
-1.5604274910797258 -21.28912223950869 -0.2677563391880433
-1.6901424997533538 -21.250896195521687 -0.3148166678452924
-1.6137329168542673 -21.275181290718333 -0.2971033529243883
-1.3394060648861226 -21.386555601481177 -0.5184964272858039
-1.2522445007830443 -21.43941789193433 -0.5851932580058605
-1.3878642064781335 -21.350618461742414 -0.5715093585078979
-1.3460349008068204 -21.377656489489983 -0.5773183578191077
-1.5043610654010027 -21.283141756613734 -0.4794795071495628
-1.8289297979998034 -21.117236295225798 -0.4621133144257339
-1.9339794321008785 -21.06414140988257 -0.47677878851462907
-1.8883672479285225 -21.087558757375103 -0.47060920896808245
-1.8541034973840045 -21.105682619535663 -0.5104353300102149
-1.8157795555011478 -21.12714793506608 -0.51076187638607
-1.8883710508396658 -21.084331572559904 -0.566120045500873
-2.527541442047121 -20.614685737174234 -0.7350326627645165
-2.682067571324147 -20.473242454464607 -0.7505098710007685
-3.0259648995998925 -20.16719208679484 -0.6923178626054316
-3.3210702231825397 -19.9769218744372 -0.3932187115899666
-2.590850590881671 -20.256073704201604 -0.3230268202931219
-2.487737848156959 -20.286333672131544 -0.22908610415718123
-1.968712356702142 -20.378751461592703 -0.09690432947043526
-1.5068888430882657 -20.43549879833427 -0.16030298179033675
-1.9835114781275403 -20.300684554214637 -0.44867683405246606
-1.789350755991921 -20.41122562117733 -0.6208870156937163
-1.994795551056928 -20.265405730594935 -0.6118127062955292
-1.2935508466326902 -20.489962697868833 0.14294862974609587
-0.48430375824842786 -20.28688914687463 0.40023814631012233
0.3285497595167687 -20.050761190699394 0.10642222020758688
0.8396939918295165 -20.057544821767767 -0.1928100366636789
0.5409922016884768 -19.99856218824593 -0.1981729822322711
0.20444313551186144 -19.919552113486343 -0.27921458327094495
0.2565329362889665 -19.933470092240107 -0.23391011665865236
0.0840197514637565 -19.891700097382216 -0.24302129974365894
-0.38358294337180665 -19.792844248369757 -0.1563235022770062
-0.46603893179312483 -19.77828502290347 -0.20243542818967253
-1.1615138849756355 -19.715812689435502 0.07968707763035883
-1.0346834909486604 -19.70330681976962 0.1261828584183288
-0.9122945253329078 -19.68602170734931 0.16148332329375367
-0.8840371421597567 -19.681423068081397 0.16109213906028672
-0.7575169364586378 -19.661400054412038 0.15075595151627783
-0.6993417039071338 -19.65316213072656 0.12554126042791872
-0.6724985010633753 -19.64976207312316 0.12666985126407215
-1.4836429389189862 -19.657579866713245 -0.1659105737798443
-1.848969123299355 -19.576195240207863 -0.2991173011332364
-2.000267153173558 -19.533093374292893 -0.24514574029030278
-2.415740984996784 -19.492143602832897 0.12210784518122322
-2.696816271397235 -19.53326217754595 0.17998791575284956
-2.19368527487498 -19.395654061823503 0.3974542400730834
-1.5224232870402175 -18.987617182197347 0.7692755338258205
-1.2181124319916175 -18.689486097596173 0.7839383348812294
-0.8608487812273505 -18.343784872661036 0.7464714019892215
-0.3213266617601711 -17.873722971339134 0.6720568571114032
0.29341780676231777 -17.33906578169306 0.7814977912262276
0.4834811307584396 -17.130826781562934 0.9052517959698114
0.6684235439980969 -16.8757010914967 1.0009949516551353
0.6557995589365305 -16.895551134816458 1.0093801254439372
0.7956505431312328 -16.676253682661375 0.993680570290922
0.8976520471792958 -16.517400206478268 1.009447274691731
0.9546981183608062 -16.444974799469094 0.7449032637913937
1.2023737182016985 -16.1855503114864 0.9040520911303267
1.2006427153220187 -16.187743855756867 0.9007106014872761
1.8584306991527553 -15.471678222345847 0.7184137464567923
1.8191820024734668 -15.506407643351775 0.7333409542599189
1.4792093661175167 -15.790718423719422 0.6411688579897222
1.644034206042471 -15.671850203512575 0.6002445181150611
1.8462387806804554 -15.517296745627622 0.7311757408315077
1.3529105941830237 -16.01122866437235 0.8682606045202333
1.2132192116087 -16.17397061146507 0.851279354797138
1.5666699477960455 -15.865599596281237 0.5165525100447975
1.5081520082138895 -15.898462761840781 0.5044184879634815
1.2924127876308085 -16.004007375346216 0.3808447461241681
1.6376510105346436 -15.942456668703201 -0.1301895876687773
