-32.37107007290116 36.24256335558938 2.620301669352969
-32.12484091554564 36.09728795356267 2.5909423543358345
-31.656541178558253 35.74997828279386 2.3722455961983058
-31.383166317992746 35.476592950794 2.33206995171773
-31.118648206611724 35.141347965924204 2.098924871337189
-31.08872210547851 35.092174560178286 2.145370195786871
-31.16924746222371 35.21372645447833 2.171676978552375
-30.926857385910985 34.78410876197541 1.9536741446110306
-30.892180876033695 34.65902264755343 1.6725545310301693
-30.876614838178163 34.54817947496894 1.7669604708576714
-30.847701138860003 34.377975570419956 1.6972262152695505
-30.887472084722013 33.967630069099975 1.1396043586268945
-31.028099473152523 33.61433951962497 1.2705232257691046
-31.058060064176583 33.51140790772389 1.3130892251315296
-31.16790504306557 33.059157366973686 1.36167876527024
-31.273186818038017 32.36788362355599 1.5066234638775189
-31.330668168854913 31.737648102667816 1.4396693807075334
-31.330847370554437 31.736272766510837 1.4435699535582747
-31.2411795583625 32.02379957345807 1.0058839924304341
-31.32334032229907 31.87110323468 1.1840774077841343
-31.50624384167175 31.42705065960408 1.1740762660562698
-31.519281052048353 31.070274494763275 2.0745627774557716
-31.384339861363824 30.804879433033058 1.991116509322933
-31.207884076998898 30.51827595884926 2.3199875263974743
-31.895617271470584 31.221727606661965 2.3822596156916362
-31.317445080996603 30.775366572984144 2.636976730744612
-31.830466426324147 30.9990538550751 2.8705988613147
-32.35128220572254 31.285373478662528 2.291450976939947
-32.45951300649911 31.410075473662637 2.2768229856973274
-32.37040040979321 31.7456289495409 -0.13718693004017002
-31.543681702617835 31.55941418262686 -0.34809013924238563
-30.901186784479048 31.382870240067966 -0.14826602472406236
-30.456341497935973 31.40278082883006 0.33422054877597773
-29.87441641367147 31.721362744897988 0.7509007335486825
-30.14017281494693 31.50648902799084 0.5734599420218192
-28.99800565787598 31.888116646382677 -0.05403069774339464
-29.221211363631518 31.92741832523632 -0.3546832598790495
-28.30357486834366 31.47627581537128 -0.61030885800748
-27.709698833784415 31.153630716998606 -0.3287232903472237
-27.191419456695595 31.05487733263088 0.022375225184009917
-26.94670970373324 31.048096093726365 -0.1028235007373377
-26.95077145789914 31.0485182474547 -0.1046697802266836
-26.30172055946375 30.982262403526843 -0.09731718439308512
-25.505540809661603 30.871674919746884 -0.19906073245692468
-25.33506685345266 30.841418768208005 -0.14054245806094912
-24.91129928019566 30.791973989265895 -0.07957081252397114
-24.970038220819006 30.795636821821876 -0.036336747576340755
-24.64893214305935 31.22499519436857 2.3761478124538993
-24.79353101171083 31.36391365408904 2.3763465341344414
-25.483060324093984 31.989010237068662 2.448398993285126
-25.42687808049965 31.944589947466092 2.5088544981071537
-25.40801700159151 31.930563390780424 2.4920941362990034
-25.883245647767147 32.20290398510304 2.8148786659262837
-26.64399010917579 32.21723399861408 -2.698608176534747
-26.63296601122421 32.22248982568698 -2.693865012974781
-27.140840400680435 32.10555012585898 3.0357733095256556
-27.05795948580943 32.09063005437492 2.8550452996709885
-27.40809244819516 32.553312061253514 1.263935037609345
-27.347491315739266 32.744707404902876 1.2644852295787334
-26.948863846748594 33.5095155951156 0.8290801755415875
-26.21051826098548 34.32734383779529 0.8474535160511818
-26.06347200992933 35.039563967187476 2.146807943889546
-26.351073874090677 35.67104998984871 1.7751934500534259
-26.39489486592523 35.95871290148852 1.642131422041406
-26.580896855734125 36.81772271526801 1.9968905871880347
-26.96914410576851 37.490270643703255 2.2405167203248464
-27.13371619384222 37.70054762848721 2.2263863772229406
-27.55861757971839 38.254873322719256 2.2223861342657956
-28.13380558433189 39.11378129109245 2.068615238910253
-28.272180737591057 39.361610642132824 2.097143523219714
-28.293617014073785 39.39972257117931 2.062165287604759
-28.61099353593597 40.035047978561934 1.991960847344277
-29.633153529791457 40.64495142379913 -2.7620836536830797
-29.63540443700579 40.644054111617606 -2.762512527820288
-29.625215281758788 40.64809846377949 -2.765576470695851
-29.809332803926328 40.569743119601576 -2.6997283928253815
-29.778946204159535 40.45254640165723 0.7568322952257533
-29.97861848184512 40.20270907983255 1.1060960229196453
-29.449772922572773 40.065973936646394 -2.2916769277832385
-29.34194076769875 40.18515625275876 -2.3280810215168115
-29.42518672951418 40.081716955980546 -2.1289924947655106
-29.755364384395474 39.529851781942604 -2.0814125438879785
-30.072040275875086 39.06615790763799 -2.3028356930047296
-30.6497226429539 38.286269264394626 -2.066582521302557
-31.247235503842994 37.43319832567707 -2.354646166141417
-31.307864381611953 37.37878931364175 -2.4935554278025434
-31.605579895883967 37.138328774919735 -2.415124102251363
-31.73545717227003 37.00712760731224 -2.255123040499563
-32.2076959465383 36.45204530706776 -2.3066360992497597
-33.01041270314248 35.84495999948574 -2.775243731975055
-32.72229292591459 35.980064501650936 -2.5949306572263446
-32.81780551380077 35.92792565963027 -2.7123905631686145
-33.40157745465475 35.461252488667725 -2.099442968548754
-33.44771620951361 35.37252479129836 -1.9766324061413556
-33.51019291521767 35.2198541390329 -1.93312697180449
-33.61341711402822 34.57447379412917 -1.4238000626255856
-33.57235715570972 33.94933768157377 -1.6273221704597418
-33.516860239241 33.15947915515576 -1.3106411513597038
-33.35757821159807 32.643074479600585 -1.2130649619061806
-33.16514078090456 32.08908086105589 -1.271582002891507
-33.118414494897664 31.952020678834586 -1.1982148867744202
-32.53883883980422 31.10893472469674 -0.6240426239856323
-31.517607140629043 31.28564048857947 1.364402711051182
-31.161003414977294 32.23644259281399 0.9833380480567773
-31.03846365226873 32.39092334305866 0.7754757413491282
-30.51511101488497 33.02906033359811 1.0465449746381246
-29.895999478718096 33.85131592308548 0.7437185361158956
-29.47525953922673 34.6757442335412 1.6316967601131422
-29.49331891913269 34.87092045710393 1.7101103554244497
-29.761806736202008 35.77078822376328 2.0867124489865434
-30.071692636538394 36.25781103749778 2.2136074091084716
-30.246460915414026 36.50367540613609 2.1514768979445935
-30.6627302419002 37.03101694407028 2.3703443972966136
-30.861518913417886 37.256874106209104 2.175825729383434
-30.730154145058396 36.86904128816919 1.4797176043389797
-30.471633573420533 38.19646500357211 1.2265496347739984
-30.49838306365601 38.14261377571419 0.9345970166066602
-30.316861081492835 38.37457368446161 0.8650591551465624
-30.194284490495086 38.52811329068032 0.9450844365641058
-29.979753653216253 38.865879570856045 1.094709330102365
-30.011084281858988 38.804245114680086 1.1092038365186176
-29.9688393011935 38.894404687069056 1.1677374100939855
-29.813728815414912 39.28479377640255 1.2298939094216723
-29.666525758209936 39.49613836077337 0.5612048070537325
-29.267535565531084 39.730669603749746 0.48671670913537435
-28.609520642680934 40.57715240923545 1.54497152824598
-28.45100351969678 41.11211833486222 0.8893575291413394
-28.101590041415278 41.52061466658108 0.8239532530258428
-27.697064325461845 41.9641349106151 0.8424386683929604
-27.58281441826638 42.092626576589055 0.8463455952455914
-27.548003915427472 42.131214099867314 0.8225122087527394
-27.28610572654687 42.44247009367027 0.9444875133993793
-27.437880169874223 42.242803324654 0.8853636017268498
-27.03537766096149 42.53815458082417 0.2545646576507191
-26.699324658940522 42.62825933299801 0.2730652965105599
-25.80707874313517 42.81336414343179 0.10179623489370784
-24.810878224484657 43.123962802142536 0.6028850835468826
-24.092315996438558 43.23588483386716 -0.5180358124865618
-23.31559302755587 42.64872629763071 -0.8411812615144969
-23.030887539092564 42.288089955984844 -0.9945270345724371
-22.715782639149047 41.75032435390504 -1.110134909605403
-22.380939193339827 41.07817961495818 -1.1063288270467169
-22.226109257362648 40.44939860856912 -1.663909894274152
-22.21089410404092 40.610648220642254 -1.6663240227690084
-22.583887617511056 39.86588195460824 -2.588262387430163
-22.68207051399357 39.810162744815464 -2.6811311295788647
-22.893537865691325 39.70322681517968 -2.661821208985618
-23.43284836703423 39.46036226388153 -2.8034411468108615
-23.84614144698469 39.330328716975764 -2.88676414852066
-24.03615004539937 39.295029910551946 -3.0646333929517615
-24.423153333032626 39.79533633639812 0.7451444367052114
-24.05597152713283 40.21898700952331 1.0239871316801303
-23.863237860950434 40.51024231636171 0.9295596074594137
-23.686942293198037 41.15509129843884 1.8654783285553533
-23.82165179778273 41.90023093909278 1.5759044829681224
-23.6083319890052 42.60885393651235 0.8321205966160263
-23.557226275899485 42.70081223968233 1.4106945949002925
-23.4241028911924 43.30373625623042 1.2676746629146618
-23.339788179561232 43.63327673576972 1.3992738445163122
-23.389221978485413 43.11048343751473 1.5923881686566632
-23.388846035104002 43.089765483403646 1.5837680291966472
-23.388218600961658 42.880167933432446 1.5588225470754147
-23.397941056975398 43.17356794174881 1.6715697044629496
-23.38003591620083 43.96895525895994 1.3633677078557305
-23.355840561550483 44.14324915534803 1.5370949061811168
-23.348615706848303 44.15794185045194 2.049618257655497
-23.37658608653013 44.21141811627221 2.057342220606813
-23.792135918380012 44.82739393446816 2.32469952585249
-23.98136913880578 45.291345615135896 1.4081282827950399
-23.943707901894552 45.49115213639174 1.349041559543352
-23.92895015803711 46.09427632397773 1.8422686040159049
-24.21843483633917 46.7069080103622 2.2671584383570824
-25.069738604054123 47.638428199503 2.377339326592052
-24.77516664671293 47.353526376733285 2.366192829118488
-24.722902715036497 47.30130167954782 2.3421357080921505
-25.08717419911246 47.584942514184526 2.6868084658766715
-25.478141189090707 47.71626135148457 3.013662079753297
-25.7254510009792 48.161969885374475 0.6729318389068876
-25.3782535950287 48.39578714979101 0.4722983954436025
-24.551032196198623 48.819303677056965 0.4745061781678423
-24.38899054674512 48.90431713323717 0.4961516908239425
-24.16957074625803 49.01410207992468 0.41557543708836
-23.271203696538578 49.3966993278786 0.38317791488545005
-23.00901422458416 49.53219323814245 0.6176836745138462
-22.136670198688982 50.08856093482607 0.49282461053466486
-22.226442329088147 50.044533963659426 0.4006695024515864
-21.56431467226418 50.34623105393188 0.467847750125974
-21.47912375404234 50.38930058435898 0.4684522266049929
-20.675062940603222 50.883274327759274 0.6745798806295951
-20.464677879830916 51.02903317852496 0.5028564105011303
-19.662044919528014 51.35245691398983 0.20334007163416695
-19.31936075589274 51.45734590353809 0.43755486499425855
-19.118764566447712 51.54505700603053 0.37417354840134875
-18.51230025525621 51.734442070265814 0.19544469897152872
-17.893292789560103 51.9718949515187 0.6225611382468692
-17.150535668535095 52.2505403745178 -0.03658601804580908
-17.434661010565833 52.271594091969604 -0.13003328716194495
-17.07592189128745 52.22473984987367 -0.12963249798093734
-17.0037923615448 52.21660568553236 -0.08629421648478708
-16.853549950871066 52.20653231158997 -0.03792686357728137
-16.195247920067683 52.28211584132993 0.3426785711805562
-15.925334967359037 52.376842454443775 0.32978983974922094
-16.0433179186093 52.327356634009256 0.4981778159912036
-15.065277733668951 53.23250829910245 1.1195150180167228
-14.927843874095432 53.59541402237016 1.3426830971292285
-14.469039810914166 54.35712626359892 0.5576340893201985
-13.805109724466622 55.110834740033596 1.2851569586936678
-13.809574663340833 55.095557490969156 1.28840176696755
-13.77136673565957 56.131994602723324 1.902268169353473
-13.913437777112025 56.46988535244365 2.0686453508604687
-14.314741171408057 56.42904892708536 -1.2786456788171172
-13.928893487855973 55.87174078720153 -0.49510311138041363
-13.879304014076947 55.8453167683624 -0.48130822854874555
-13.99232110771204 55.90658212755456 -0.5199113325688929
-13.524380260593857 55.36494819199612 -1.3657908009233175
-13.41897583363592 54.96014017620374 -1.2414917219753194
-13.42477793223142 54.977105533270745 -1.2409348699259777
-13.286204281150953 54.60839934263759 -1.1668264988889216
-13.33224935830105 54.71444581042095 -1.1526638723681888
-13.04928519648097 54.362337702062696 -0.5056209654471173
-12.563904225629233 53.575391860802334 -1.7868736350795151
-12.559826592577231 53.59392237163349 -1.7881746012490058
-12.06757103944907 52.99383443374135 0.47277211175022227
-11.987382839551133 53.034343648752 0.4602929211785522
-11.768352373397105 53.146489122570934 0.49258122178172487
-11.287179415159331 53.380085491250604 0.39102424088773313
-11.106264053977258 53.4596624354427 0.44943194561449346
-11.143332571856952 53.44087896929302 0.49838067542176284
-10.99338422387741 53.48318165271583 -0.06014877474564795
-11.02136473895305 53.48411966713069 0.006444928063721669
-10.816167144979168 53.231101111299814 -2.23313001509663
-11.351196237812891 52.62081972945872 -2.376765203897036
-12.185664879442058 52.102509861889835 -2.8993128159746866
-11.936286232958203 52.16994463376495 -2.844774839264042
-12.151689641496523 52.101444529551614 -2.817081015809613
-12.137795887331968 52.10607126761636 -2.824714697846256
-12.60329309373884 51.948247607333165 -2.7997080932733303
-12.858483435068543 51.85639225234262 -2.790644744781961
-12.884100376333931 51.858271641900714 -2.280302939161743
-13.157087430643466 51.47706507465938 -2.060182737040453
-12.985071822511264 52.04460619119577 -1.5724380821853439
-12.993500841181381 51.75952752533242 -1.6422305217843185
-13.004974724875577 51.59326473423415 -1.635898261824245
-13.088295957547224 50.62561903737737 -1.6878816732963902
-13.115594677993958 50.38789481164644 -1.6810002108776327
-13.08124352237601 49.83264684988917 -1.2510215397225748
-12.958570269438194 49.161274618098375 -1.5986422769248048
-12.805117261494354 48.459683146384705 -0.9907015949811475
-12.417245941459118 47.58682424969849 -1.3955353801028485
-12.335674765946864 47.130315178572566 -1.3916412422435425
-12.297819843411702 46.94506601621431 -1.335601759579597
-12.36115136640821 47.313176742834756 -1.4976461444484759
-12.349175071403192 47.59740775201025 -1.7857987735691596
-12.978699608731002 46.704977358431236 -2.784152743454659
-13.644831944867187 46.4631441137123 -2.8071401886770055
-14.65004368975399 46.31172296717793 3.013693862748575
-14.358540773835948 46.252281729223085 2.8305527756004487
-14.48028076328827 46.14933211934346 0.6506738334010373
-13.980856407317004 46.5584514088753 0.7398096311279504
-13.573285450964667 47.578763798401745 1.8671808414620172
-13.671655331310111 47.879048941575746 1.91764726993653
-13.756813146057544 48.071575889479895 2.0916345346033407
-14.103225716617365 48.73209281609247 1.9970916362035778
-14.50850185282468 49.7163821900158 1.9078286489266987
-14.612316151116193 50.09461172122359 1.734941435627158
-13.882742753855304 50.38488927917532 -1.655733616947101
-14.214221162776154 49.669724960176865 -2.5284487671075846
-13.713657550656587 49.8389317560526 3.0368115071103556
-14.25113846040778 49.877000229010285 3.1219906229794563
-14.602829954062381 49.89049291493489 3.075129918515718
-15.069267699779903 49.90447435086777 -3.116813429199203
-15.936025150397594 49.79522648691742 -2.865309349886462
-16.47921047958637 49.71311416929331 3.1022481722942112
-16.54821210597122 49.715952838544304 3.0978194267049
-16.867454913485357 49.3907756624512 -1.0894159242600878
-16.412953924803897 48.60995492119506 -0.9750178720306071
-16.56389201090259 47.60098929724862 -2.835703139855336
-17.629668077455552 47.17033022981352 -2.6403797142336196
-18.301220102420913 46.972850210162576 3.104780960187979
-19.00872039236986 46.77977660129535 -2.4203536754696766
-18.654499425678203 46.24529361712976 1.1667302988103954
-18.394264759332643 46.898908797367525 1.2296263583308917
-18.337247396138206 47.0950563776657 1.375325967494949
-17.822783897619388 47.22656109426611 -1.4373474929008623
-17.85637879670028 46.1830085024906 -1.8514238376571202
-18.034857673349144 45.72191597022132 -2.0731488637680275
-18.419941662178747 45.034421354852554 -2.093729163826591
-18.635576682768708 44.662750609740435 -2.1006886632201773
-18.86075900202891 44.37527652815023 -2.437165538872368
-18.995716043811953 44.237371783471716 -2.207731678289126
-19.134306903519338 44.07034319920911 -2.346932956626224
-19.55958230059604 43.430251073747904 -1.8726658014806965
-19.573595646767643 43.381864399580756 -1.8227400957928843
-19.78019902890851 42.87799453007359 -2.165694836094202
-19.84797174751608 42.382566564061754 -1.0183297284462114
-19.71302208693594 42.168030815222316 -0.9957641196625948
-18.991948170985907 41.9672069852603 0.8145878833056037
-18.317053670211912 42.28559665491115 -0.11987378756787948
-18.000846605641524 42.30667672539658 0.34622793847479194
-17.4682153647137 42.31669228737756 -0.4723376156176098
-17.583106395037817 42.378330151165976 -0.5225224448252499
-17.421600272707934 42.20747896121785 -1.2499870572891112
-17.31185526475418 41.73747992564628 -1.4785340836146386
-17.25845056441066 40.96645895885609 -1.5363035368831
-17.262585773033575 40.33234348327638 -1.6388383388494674
-17.267154327728658 40.25806899359455 -1.6223124936383169
-17.26943023444561 40.490734922927665 -1.4690681938997727
-17.238169197127778 40.222232087407804 -1.4336250661568926
-17.289716531835275 39.80830889762524 -2.0862925158546473
-17.376474125268235 39.68713539990929 -2.3509754112548
-17.662794331368357 39.279078998527275 -1.9301394336453495
-17.872651224990637 38.85732634979825 -2.1860617576556276
-18.110071790495507 38.48286223457076 -2.060559965354231
-17.830976282016167 39.03318595292159 -2.0095247448243416
-18.30649854813612 38.31047328691146 -2.367595427985745
