-36.345422741568214 -28.643087915375176 -0.25018126853914957
-36.67572134174285 -28.48577586283484 -0.7359427324544914
-36.812315882393236 -28.365787239592652 -0.6980080596419862
-37.1905351599256 -28.123499945702342 -0.3773348458586616
-36.9506892765111 -28.200158162716313 -0.20738071766719202
-37.119200699999915 -28.15971751408098 -0.2777620150288067
-36.40028178023211 -28.287858727799552 -0.02432983078137596
-36.204994180271555 -28.27704011985845 0.17484916460674926
-35.43090612984419 -28.279326338161894 -0.2696573115279355
-35.34083022273898 -28.30285295808859 -0.23421203782711153
-35.154423621806444 -28.349588243924423 -0.26281514882590873
-34.34341017152027 -28.50279419888152 -0.07254383678059728
-34.0598441889499 -28.534257867305772 -0.16744704035974145
-33.682954317283425 -28.597410177459068 -0.1638779410287725
-33.44543434964996 -28.629059688788793 -0.0853569707412758
-33.28491542741579 -28.642463802285253 -0.08024352896107789
-31.981721778453903 -28.45892987526407 0.47014974307606033
-31.99044742205825 -28.46332385798934 0.46102657852586626
-31.515820519091935 -28.222563353061737 0.48206223634547346
-31.195015348317554 -28.024500220777533 0.6596841486934629
-30.579361422825734 -27.599814513071994 0.5201134540012342
-30.171943116787816 -27.40351631218845 0.3423047595511511
-29.672357142026012 -27.201489418948565 0.44725274405975873
-29.144825509118537 -27.004413736204434 0.2229355059479546
-28.54237435884881 -26.754410168901355 0.6489737874157551
-28.504296632437203 -26.724987071940053 0.6712361367449302
-28.478352698862473 -26.704351919717773 0.6729316894105223
-28.07549804085237 -26.365804787991443 0.7377948520442948
-27.69822554334207 -25.75962359467195 1.428523501191878
-27.71671211490973 -25.91856068755959 1.4947219418996012
-27.74340894146224 -25.22983754662185 1.7817663726274864
-28.032260121814154 -24.485759796016044 2.1800737303614994
-28.45770136470091 -24.03601134406708 2.550959359094579
-28.491831264231227 -24.01360581749839 2.5752534193772427
-29.00582532885133 -23.677591470957662 2.543615831661458
-29.52225224145779 -23.15427013825216 2.0584855828421347
-29.725652856517748 -22.6283956551679 1.7619197005138112
-29.848931196261418 -21.912405384161545 1.7103787292620112
-30.02705323365883 -21.019236957776503 1.8535344377074117
-30.036376714241122 -20.986464706555097 1.8396149338596026
-30.117919447863354 -20.64222488277995 1.749045002295169
-30.06048942208378 -19.664142882256257 1.1567992019077113
-29.869918547233976 -19.119199497966974 1.3507561200014575
-29.880881600332927 -19.171106465639784 1.3804896557087978
-29.793123567998432 -18.153323706415268 1.6412263782687155
-29.80002635909883 -17.686831570442607 1.502141623200465
-29.712551339144014 -16.818886496845174 1.4226661834286427
-29.702911010336457 -16.708041772750224 1.5761086002758775
-29.74878000859404 -15.783101819692606 1.6867047466969278
-29.949233713540025 -14.688642361695507 1.8497973256989944
-30.224611106683902 -13.740415261096581 1.8588904772441819
-30.38019878080581 -13.005649804692398 1.6603278654449185
-30.408248788987574 -12.647098376873231 1.631680181649329
-30.41605349615162 -12.52024639004929 1.6330921300076442
-30.368573364581042 -11.94169076388859 1.2726446985232744
-30.184757977304216 -11.470971238843775 1.0873014992326882
-29.876744862569126 -10.595086721926128 1.4506574339445657
-30.019417467098396 -10.188073351973127 2.5938839982132103
-29.872254390886123 -10.268498654184533 2.712766477541281
-29.991378787357142 -10.21031842779872 2.6490225529939972
-30.12395121499708 -10.142034121020936 2.691367436022735
-30.123027308124314 -10.14248075955279 2.6911832451743347
-30.536128031676263 -9.912086483180202 2.545330595586125
-31.286604386704045 -9.59838201509217 3.0461538737555984
-31.636447476143307 -9.56408767627568 3.040461890346048
-32.30311881547942 -9.47888617516494 2.975508060927691
-32.63573439799151 -9.386748457957331 2.7151355924340828
-32.9720548012053 -9.236703310919134 2.7321851520441167
-33.26515945152627 -9.072174816401283 2.476952927780222
-33.5181637370915 -8.780414087314067 1.997497458504564
-33.85037085109313 -7.968262123344622 1.9014441959578772
-34.022919292850666 -7.439805916859026 1.863826541894364
-34.127011000798305 -7.131885836732526 1.946219911906973
-34.40711604280137 -6.49754856843977 2.0472170251853763
-35.23039088125903 -5.968736166371423 -2.927436487910414
-35.86100143197313 -6.001207717011779 2.948975414673708
-36.31231173357199 -5.9229301136768475 3.001176848569759
-36.47500688861483 -5.88651066657273 2.8016653950980754
-36.672039117939754 -5.802486721951072 2.64374294503413
-36.79083517391353 -5.743780163709098 2.7409165676510163
-37.13356737683805 -5.534733751384654 2.373364305025677
-37.476658242232915 -5.0607859302713525 1.9334114882145126
-37.90172724535741 -4.330817471694115 2.345152783898717
-37.941658034673104 -4.290794078715091 2.3698615281208544
-37.96927245672738 -4.263901230271095 2.3687872920725925
-38.252329597325605 -4.017881598257367 2.512030328248683
-38.91769441862153 -3.2953142615409017 2.0194635094064903
-39.371617209073406 -2.4225604494573356 2.0967985282756616
-39.393671811186444 -2.3853957880583474 2.1207284169461147
-39.7544956109002 -1.4403009580242514 1.6576646044686445
-39.82983771716272 -0.9622843746015777 1.8313138053339901
-39.93901319338386 -0.5763555670589096 1.8692370225076156
-40.007814650845 -0.36601704999668017 1.9134576265639365
-40.19504862862595 0.06575254421489807 2.079726216820559
-40.39055317399366 0.46068300515273647 1.95657154194389
-41.002832515183634 1.2537733155555042 2.635743098349912
-41.44316571190944 1.458863488284915 2.8106583273178565
-41.604295195384395 1.5202806963161946 2.7275786935227964
-41.80254515515779 1.6074748682004572 2.7267247682358398
-42.685193576407514 1.7475769989546865 -2.912830815792884
-42.97032836322213 1.7003936760272131 -3.074757427713022
-43.598473111224905 1.7261774861638295 2.9387784872563216
-43.70365112277384 1.744533967680672 3.01384537584094
-44.51571443050367 1.6987429016407276 -2.809149511256741
-44.51561923547126 1.69877576797313 -2.8091592046469094
-45.236790364405714 1.3843829931027753 -2.61247621403643
-45.32671648192159 1.3323822970393728 -2.624564897479502
-45.897307057632005 1.0683281656236192 -2.833570900631839
-46.15112182726284 0.9938226332402006 -2.889819271561589
-46.91389612466243 0.691793932954248 -2.5767041213898922
-47.149788759591715 0.5174556294771765 -2.3977722686595637
-47.418725079203085 0.2776061181965463 -2.43659507546931
-47.4693969978427 0.2338962335782649 -2.419671674542796
-47.88737905903001 -0.027952081925646542 -2.8253559576245313
-48.687368872496634 -0.15169568900717756 3.050900700922994
-49.448706878988155 -0.10766125898447976 3.1331959629513872
-50.218427644013616 -0.20184713458853243 -2.824601593339795
-50.94227301236634 -0.4479539869691421 -2.797734750523999
-51.79522535077258 -0.8978432953553627 -2.443966201952692
-52.1927808946974 -1.2834429638996094 -2.2626996855310333
-52.50765121572251 -1.7300128503003451 -2.0682699286769735
-52.916944086165316 -2.116414014032615 -2.85998520873086
-53.58876561175304 -2.3792387089302935 -2.6317345672067387
-53.478251384365635 -2.3188299592360666 -2.6557778958096527
-54.04125841668317 -2.590900564787999 -2.7449288396041265
-54.50893660537289 -2.7655273162393135 -2.8431904907262022
-54.72689163858468 -2.842623524466809 -2.739221637055072
-54.60407238098414 -2.7886288140630415 -2.7096625195839845
-55.069632068881404 -3.1360087773200522 -2.1868974989595777
-55.59585489037445 -3.7785903410759576 -2.3620732222015937
-55.70214315613439 -3.905008377306939 -2.1316561277618824
-55.78037721967985 -4.024192452622136 -2.1816835978023414
-56.46199238774666 -4.7275478699293325 -2.578720890931349
-56.94607456713369 -5.124386897146747 -2.269190827886204
-57.36378263997837 -5.672352207865478 -2.151504461787729
-57.463740774742746 -5.823696143180106 -2.1589850048489847
-58.0608130959396 -6.322215012049786 -2.8762915313743123
-59.215579315582275 -6.356068319159059 2.816910375947309
-59.510263779876546 -6.2167505038245165 2.5245489596842394
-59.97091454511727 -5.970281921473598 2.8389370082793883
-60.724878615731555 -5.735803987877049 2.841796569686713
-60.70040247391627 -5.743438286682845 2.8354236876448233
-61.17150149474042 -5.610425942068368 2.9128918996653916
-61.46118706236417 -5.528264588999487 2.7937320263650776
-61.53898588635971 -5.501281597281848 2.828762911984631
-62.12004504981424 -5.292921013218542 2.7500757080989944
-62.491228915738844 -5.130901094585763 2.6999515017437656
-62.90470342012116 -4.834577692054869 2.249493630929561
-63.25147001164267 -4.477568745257762 2.4798647467452115
-63.58658538087115 -4.169654752415551 2.276380890989934
-64.28435139090583 -3.664108530988592 2.8719246986759193
-64.7262504821816 -3.5122267233032893 2.718460671173438
-65.26100308639457 -3.2964492059200974 2.81747123115461
-65.68288743240149 -3.130448151486883 2.6906023355492845
-65.78643905020691 -3.078086921337931 2.6476778471300286
-65.89878934659103 -3.011763994440586 2.5492812937870166
-66.59776602084716 -2.5808193171415943 2.6488344764542546
-67.15598248057663 -2.0829342637007704 2.0598957617452527
-67.3713084647736 -1.6135751382209242 1.9124465064948413
-67.57039910820508 -1.0732031575803371 1.940822402795743
-67.6455965630437 -0.6261149898591348 1.4323426161151982
-67.54663274910747 -0.10504624821873254 1.309253768615119
-67.15210944110278 0.7435913249308144 0.8751916488361706
-66.49596138874284 1.5903231868155092 0.9660557153726597
-66.3144476072937 1.8595978556171064 0.9951067255724428
-65.94557294941706 2.401799865201373 0.9408301832248973
-66.00285363291233 2.3160348026703486 1.0436419521163816
-65.88967249997097 2.5352982439897893 1.1702431525530528
-65.66248824999418 3.060390107942468 1.1507820804019693
-65.42160201106948 3.5957577748477845 1.143796319635015
-65.26947585403626 3.8354483139251894 0.7974761771701554
-64.43558284071516 4.3584099388722475 0.2041145187882844
-63.64232235461613 4.390373409244463 -0.20549177064813584
-62.537228473743994 3.965622732307369 -0.6091343739943085
-62.278591719772 3.748841620989002 -0.8302606483982196
-61.37318089884105 3.12003213308482 -0.2721750021849285
-61.071766622250486 3.0318986665481873 -0.3029115173838255
-60.260794731888026 2.803608978151866 -0.23163364510580386
-59.55811663230952 2.7043161732238494 -0.0034916511381384296
-59.32040691510247 2.6925093418412165 -0.11883335045472965
-59.697024192639475 2.674758244392051 0.29599535497931373
-59.043334494437 2.8433432639768674 0.18700146082699765
-59.42025598167268 2.746147484487637 0.35042155204040026
-58.45104246994165 3.0823967081485577 0.30921072375098724
-58.36735736058937 3.10780700274791 0.2731701858985544
-58.14765034567193 3.236027952252162 0.910927647179895
-58.30333232056577 3.019435338928695 1.0025550984822291
-57.93176383172561 3.6453710128060464 1.083868740413448
-57.828601402126864 3.8262620111922967 1.0054473199533949
-57.764405791982924 3.93004130752654 1.0338996951423691
-57.67830104865134 4.075015409486327 1.0362769930508582
-57.70405207319327 4.033378492409276 0.9878577621006019
-57.272247411619404 4.75005694742512 1.0895498228473919
-57.216757879578395 4.850738427085103 1.0333721261428694
-57.44165009993259 4.509679455679141 0.9195558094594523
-57.13829012775418 5.261008540912098 1.58828867505987
-56.805250902103644 6.407960437231278 0.8380634967713576
-57.0417072331707 6.167790778839439 0.7258769243594195
-56.946227649856645 6.242295559359515 0.5677501343672855
-57.11692121754044 6.335613539032838 -2.102388245757915
-56.988982354221456 6.527102245274587 -2.2459415526544504
-56.85073448565801 6.684547105699048 -2.3594961128071947
-56.71083664725166 6.824496235382235 -2.350783848016024
-56.584023247078775 6.945231384097006 -2.4256825603192613
-56.620187129922165 6.913726624228002 -2.423821214681593
-56.53346496203663 6.988195181192809 -2.4444379003256613
-56.363687725784395 7.1289240237624565 -2.457030064832918
-55.868834256184776 7.496894853559049 -2.569962451351834
