-35.243595724154574 27.289945800983688 -1.64864593061332
-35.23059330267013 27.409704126770823 -1.724393297101197
-35.25683076123414 27.229638493793107 -1.7021314931926073
-35.28214845259189 26.974743286553124 -1.621296489172857
-35.30952886875297 26.49520802747189 -1.6376358034813814
-35.35895060694062 26.045751530755176 -1.7443343858331577
-35.44925524100815 25.445507215972416 -1.6838056321670596
-35.47781587452509 25.12494748685949 -1.6234361223909293
-35.368810580844226 24.249386848300574 -1.182185631736326
-35.297665432417496 24.087932628235876 -1.116079590556736
-35.31551224950415 24.12495341954522 -1.129857751333339
-35.0042689294842 23.94447744238476 0.3810985205342703
-34.36132068517514 24.18233900581347 0.3142018504970244
-33.928996264939975 24.429325334244414 0.8263175168897451
-33.57497629854001 24.88765227464835 1.0432772568447388
-32.81262038229653 26.11271249543322 0.9704350831161063
-32.5093213786033 26.93689471735575 1.5897893227736324
-32.5110057986386 26.889627898007312 1.4532534780669146
-32.42230151824198 27.263397320295375 1.1645787228095348
-32.1793702281118 28.024645493115745 1.407856241595959
-32.18958831707361 27.996728003953905 0.9380411960203001
-31.984557419141098 28.680533745552662 1.7916587740298302
-32.09065693054617 29.336972433906173 1.64011058112241
-32.067120260882376 29.928232969268024 1.3673584342022
-31.57005327787227 31.196309519456925 0.9420085318997568
-31.32060019775226 31.526017903361748 0.8947193116072394
-30.33808311542801 32.64613575257156 0.7847886406999444
-30.282168303025536 32.71507922175201 1.0462406642318194
-30.17404833998815 32.8820075841711 0.9207333158963247
-29.944767804495395 33.21020946761408 1.0214331268853203
-29.781388415748136 33.444737898010764 0.8736906235863965
-29.82178652576883 33.39437656599401 0.9263053386569257
-29.853379977818424 33.35258619473714 0.9192102645281894
-29.652117791931982 33.65337318593252 1.0739298930169026
-29.395746357159627 34.264623528914775 1.3232559899269734
-29.042537744905026 34.99753805042947 0.8194018758944261
-28.50822711506043 36.05423874711857 1.5275135246559453
-28.226148364170182 36.65581677698431 0.5395757469650893
-28.140580450328947 36.70790392360401 0.5576581414647243
-28.353744330536482 36.470977387230725 1.2588740054541392
-28.24258132146766 37.20234938457394 1.661584895861209
-28.331697219005083 37.99050795549233 1.716089246781638
-28.37895482580629 38.191399529912125 1.9304539170055024
-28.448661219974493 39.1297286444261 1.2166888960213837
-28.359203231032296 39.41197105702195 1.3346128383691933
-27.61688006220908 40.47274581187181 0.3986033319509239
-27.593819685857845 40.48264719357716 0.41600584996427553
-27.298184261684582 40.6377932483534 0.5841940839621313
-26.79065784207709 41.0508161629581 0.8314504826293663
-26.53859603934002 41.88605026611357 1.9470792216656725
-26.722537363584877 42.28148766045759 2.094843296497279
-26.83811720600928 42.79404177471062 1.339196464973636
-26.783938867190287 42.960054360244435 1.129563222068652
-26.55613366807388 43.946239795238185 1.6651098899371448
-26.69049075411424 44.49689328826964 2.0276250452522664
-26.670491928680203 44.45603358201909 2.0234854431237896
-27.06666029476568 45.530835390786635 1.7746251690767316
-27.088013910967913 45.62669291907096 1.8130162285557954
-27.248001786740158 46.2715631290602 1.8154243951707887
-27.18511882054362 45.989494983922924 1.7522253009361504
-27.319696648382042 46.445598078962135 2.01594947358343
-27.383181013407825 47.09750238655165 1.1457587285316733
-27.344447551190818 47.18778345301741 1.1951507624442863
-27.138895339243074 47.696150895765534 1.1736638669090809
-27.17931650601324 48.32333831699378 2.327393259412867
-27.62235160580166 48.786485747859466 2.3439190209883347
-28.42539391341117 49.09172359444918 -2.853172163691768
-29.076375243620433 48.97723923095834 -3.1390130334904005
-29.94325250711096 48.70308461278376 -2.379705850361084
-29.809073145096374 48.832518209978794 -2.3659295264002007
-30.5579833034677 48.887308537353924 1.7955230361077539
-30.705431163767226 49.37761170440311 1.9640174963366246
-30.687998322367662 49.79093102654026 0.8755828852894669
-30.411453909395114 50.00588624027866 0.33847364620338605
-29.8950434545587 50.261924284178306 0.6430012121812629
-29.696138893839034 50.42473325872724 0.7503404545140375
-29.117770807321442 50.97829892988414 0.783214633083223
-29.058602070928757 51.039229851662704 0.825352558750806
-28.814884650179955 51.274501132410485 0.68138794834055
-28.631054454234476 51.43485429227427 0.7711501197254729
-28.158967921039814 51.758732500514576 0.34654165510654755
-27.92834878089976 51.83826326427995 0.3104032517954308
-27.96841739042112 52.152511451876116 -2.5047445534969532
-27.915776993576774 52.05533064333094 1.0711986535579168
-28.03147932351097 51.705358798212224 1.5219609377004053
-28.29600221729237 51.996682628151795 -2.7960882429850518
-29.067948227875927 52.08816817530023 2.328429381416798
-29.167631388708575 52.18845139256043 2.390340209376868
-29.655869516250185 52.795722331840146 2.0343992602503205
-29.56578664407845 53.33336172872724 0.4603656002137959
-29.204841561189298 53.53867243340806 0.6023843363101419
-28.744625255351046 53.74240976318051 0.1383382624690424
-28.495471310683982 53.76154242108695 -0.015907142377634464
-28.303523942317543 53.76018447746531 0.0061746027965891865
-27.865988391159366 53.69075841631502 -0.4026701765405649
-26.97171296539223 53.51023968651818 0.10604602954009149
-26.332360832590616 53.54541476780793 -0.021665671513656726
-25.886679251178027 53.56291917428739 0.13063703783094877
-26.14117731641994 53.51898526984272 0.2314064452615007
-25.90651327245165 53.57261415426784 0.21458106633578375
-26.03135992721649 53.54688550044649 0.18622035223967007
-25.835891951192092 53.58677570048646 0.22394721819847738
-25.446837186197012 53.668442097636145 0.1813436126320815
-24.490592250690966 53.79736272723659 0.06301364216663524
-23.601163164801488 53.54772855218228 -0.7785902623098471
-22.81327857464334 53.32567446895062 0.48110982706086514
-22.086079873101188 53.67454833182269 0.39662798159999174
-21.63518003767932 53.850982911851744 0.3375057622540758
-21.22117438830129 54.072584671811015 0.7223868165676373
-20.508674384258352 53.89466559135524 -1.6953468098420004
-20.62805108956664 52.93032348217252 -1.6918812162833445
-20.806309539326232 52.119817781209306 -1.9303893970811208
-21.163427102707963 51.42751733475601 -2.2220083303879026
-21.367095729327133 51.24713231642707 -2.7088532638276943
-21.286131552163965 51.284445092839775 -2.7110904851484565
-22.321722931222276 50.864119456301914 -2.8234336987380506
-22.403420396433134 50.840489936513535 -2.9149589903681563
-23.15192470021235 50.64272496832837 -2.8357663280532677
-24.341701823636747 50.32491185704349 -2.9477684925990846
