-11.812905407955675 -36.2971357586079 0.693128935244157
-11.458054111725318 -35.809380523385784 1.3149037368035845
-11.428039593300443 -35.70261788816491 1.2694872496559575
-11.218982325557553 -34.98084434717461 1.3179377675540973
-11.157323897121211 -34.834200296814075 0.9550299650904871
-10.880251229259656 -34.446176387921525 0.944194496741615
-10.953061605337085 -34.54761598389616 0.9543156945069954
-10.65430027455368 -34.122259310182706 0.9647162535345806
-10.42793327938228 -33.68141674215972 1.2939688799104605
-10.376628760550181 -33.50357703108228 1.283883460214927
-10.300649450235657 -33.190387020836766 1.4061652393506914
-10.245514278969742 -32.85423036777862 1.4113208540534912
-10.238249415571003 -32.80441698202613 1.4479580776681085
-10.241290619430233 -32.828821551747104 1.4451110861369927
-10.271129365002233 -33.01606486651168 1.3642507954992973
-9.913679247616537 -32.36523650133683 0.624997828226584
-9.490979955433655 -32.05788339434573 0.6342442167692165
-9.04895383168643 -31.5104157785272 1.2775301669408803
-9.018219418228616 -31.415869099146924 1.2249545657978014
-8.94803969584781 -31.236256998922812 1.1583364823769429
-8.731445520143055 -30.765830376347974 1.1107712218900025
-8.723862666952643 -30.750746935709493 1.0962668695463142
-8.587111321042931 -30.475348723804952 1.1303637941125535
-8.271585440423221 -29.698508193636563 1.2669196211082747
-8.255302292798811 -29.64525019250277 1.2848231582621497
-8.005995914156042 -28.992946531406503 1.0870997030165988
-8.015952087843571 -29.011860173386747 1.0849782177519864
-7.9327041469178825 -28.86440407536203 1.0146394943950745
-7.485178971889877 -28.351577440483435 0.6112684820280536
-7.181253627678546 -28.130122011530414 0.6573397640993802
-6.523938187728639 -27.842657548693882 0.04466195390224431
-5.91803184936322 -27.908366967849464 -0.3370578519627392
-6.206741778674822 -27.81927659776316 -0.24268939859964966
-6.274152555014922 -27.803207173494425 -0.22099904663669
-6.608486937202305 -27.691196989844343 -0.47668083661164307
-6.65333323274044 -27.666966256220615 -0.5234045941333525
-6.69081923790813 -27.6446822689997 -0.555735929812549
-6.70777749695788 -27.63418191767586 -0.5524186384691481
-7.09478606508725 -27.434276961416337 -0.36334946113336386
-7.29256359309566 -27.35783130798913 -0.37706319647277287
-7.0694483443279035 -27.440834369044374 -0.32479128879979235
-7.26641190524434 -27.372807183344484 -0.3441947886038994
-7.660209350158419 -27.203650744592824 -0.49800736040757343
-7.876579228646132 -27.05485251453893 -0.759052029105554
-7.908722840283009 -27.023176604476493 -0.8065964346044323
-7.988668391370888 -26.941972735899853 -0.7731213344257375
-8.120774662775432 -26.83676519993056 -0.5216509187203648
-8.423481840422005 -26.659049979909472 -0.5446985575555745
-8.395141373202621 -26.676345439442258 -0.5528019658542398
-8.631713753212049 -26.530262989684736 -0.5537591116278788
-9.130213811196567 -26.363189337987905 0.022170892191503574
-9.23124238814159 -26.36452808881186 -0.0001302537285718941
-9.699282728243407 -26.407717854762232 0.23023857822623167
-10.37437919492408 -26.509166023676624 0.02753227498724358
-10.551848380234771 -26.515251769684216 0.044397622675040514
-10.924696487183034 -26.562267912121015 0.24699835166682166
-11.246935752587127 -26.629386438143534 0.14288198281496683
-11.178289280530738 -26.61980248570433 0.13246837538544853
-11.665379184248634 -26.660160322806632 0.007962899465509606
-11.600254971025825 -26.65902144516195 0.03177063450623091
-11.519793160587808 -26.65607788226385 0.043761665217580153
-11.315532748155684 -26.642462584632877 0.10075277127896132
-11.764215903850058 -26.703589068384325 0.1873751357468932
-11.976352170302862 -26.739581674814865 0.1391044733898572
-12.034628349245049 -26.698123049743458 1.3870686801595085
-12.0505949980285 -26.77953189264201 1.3622106656364414
-12.074601735823078 -26.908912395412532 1.425012570732744
-12.173448778603342 -27.45998923737171 1.3457636416705916
-12.195074428562137 -27.557113623552773 1.3606317607343095
-12.246294596916998 -27.99502469943691 1.5949538827092553
-12.23774471670196 -28.227272255623518 1.6265525750994854
-12.227787363404964 -28.63167179890334 1.5487059268185195
-12.256303112447185 -28.940708714830155 1.373900917593261
-12.285796349231173 -29.063375793599697 1.2762531017526053
-12.350780100207944 -29.24493815046004 1.153341449774718
-12.36595174757526 -29.279171105123552 1.1540412582847377
-12.374899584033138 -29.299060246353047 1.139032148078661
-12.541646142378983 -29.555718247407885 0.7780602469644711
-12.855576210506772 -29.847964382158438 0.7070139857400477
-13.158865349469275 -30.062652177553574 0.4794416989499351
-13.544249825680188 -30.218867644300115 0.24361152533349506
-13.666823549578012 -30.253771827685277 0.32812733714432557
-14.101837684566622 -30.34318675837478 0.014612622423162774
-14.361957060677591 -30.334251104774253 -0.10776549114637213
-14.82895129457542 -30.312748199013445 0.04661615025069127
-14.736647767147703 -30.306673070031216 0.0943809663716755
-14.729939260725674 -30.306045994921924 0.09143804166012441
-14.77250684441694 -30.309585542216205 0.07024391234555195
-15.31070668321367 -30.35569265200592 0.10828528931392858
-15.761286959951894 -30.333210470649373 -0.2870647245515965
-16.043330275638542 -30.25725092671351 -0.2270947472692395
-16.14831833494772 -30.23614336195739 -0.15536379382440657
-16.123502472012607 -30.24014669951743 -0.1668136071740154
-16.38718003253218 -30.202403490748683 -0.10521894026062828
-16.628377384740112 -30.145942424141722 -0.41703704267260644
-16.173434973894622 -30.395812386591693 -0.6300822548625638
-16.448611712123085 -30.190739598925955 -0.6559964121722581
-16.55997924299903 -30.110170714556514 -0.5817346990930901
-16.839349668179473 -29.93465205953293 -0.5297572582289751
-16.68277561972777 -30.020028870837752 -0.4533959915336201
-17.46325869502109 -29.688743810450248 -0.3234422425587242
-17.965338383535872 -29.596746128353832 0.032106057095211624
-18.18451782865363 -29.598502369823862 -0.028127509643065984
-18.412320559204044 -29.58711199402073 -0.08270734419977988
-18.773050790872574 -29.581381778393972 0.08435174591260822
-18.66501142813934 -29.56982272137561 0.13993204871691756
-19.107706913067553 -29.704608362396552 0.528973973819773
-19.382128313351238 -29.827558408070278 0.2595829847148057
-19.559274636917767 -29.888196805213827 0.4351376420230424
-19.917389257909235 -29.985034006073885 0.007524646387314954
-20.4429365266351 -30.06197500294276 0.35213541198988596
-20.630235454026362 -30.13483628836433 0.3992895993466034
-20.78569577406266 -30.206046739945606 0.4749104873124691
-21.104846918414566 -30.330165788908932 0.21489457323740113
-21.54882770161648 -30.455867617219173 0.3674173293524633
-21.68803451433245 -30.51476698243553 0.44953924644537296
-21.816109774563813 -30.574262893756142 0.41288686701925875
-21.838967854883904 -30.5842110716126 0.4068968843183047
-22.401339116493908 -30.79774924387823 0.29688931901255605
-22.66126866762845 -30.923408468431564 0.6804374574778717
-23.083054201485268 -31.47015247963149 1.2636140898079562
-23.038741155250875 -31.335197589523048 1.2384123405471914
-23.10184466566069 -31.526543509882163 1.2729823052079725
-23.137606186788872 -31.644498651838937 1.2815904997568373
-23.151325022417627 -31.68545634876366 1.1965899263771385
-23.272863426074682 -31.968891921603685 1.119384578844932
-23.309011231626318 -32.049365399464826 1.1924655992361466
-23.398170840674382 -32.329092617121425 1.3668987303271518
-23.453825702698783 -32.574323875552835 1.318722070022914
-23.635424925645243 -33.371165159543466 1.3887279534167984
-23.67301924669608 -33.53321933481316 1.274014110218662
-23.725213360102053 -33.793377744630256 1.5209800768285675
-23.726053609907275 -34.1227029077718 1.6391421428306896
-23.7230246184312 -34.290282306100416 1.5134600910037488
-23.779607109785523 -34.652962888885966 1.2698898800778147
-23.8370167977504 -34.82375819857818 1.211488972913426
-23.88593061137751 -34.959629373471515 1.2458653004595999
-24.006004819920324 -35.28955756069089 1.185594020669517
-24.09742012955848 -35.64734703825472 1.523228149006296
-24.091785087190598 -35.545884339223235 1.5034459125738597
-24.133513052951734 -35.8079137127266 1.2770141767560583
-24.23484655577548 -36.08655951108014 1.1394805681947207
-24.351133480275223 -36.3643040668372 1.2265000891824485
-24.452523086242888 -36.63648816082304 1.1957896426880354
-24.57586646003921 -36.9204994850232 1.1090232099233888
-24.70326597228907 -37.196535399602226 1.1824490998793513
-24.817953180198455 -37.46885783886102 1.1568151133782854
-24.723471072308932 -37.246785001392496 1.1861271760827006
-24.8398984110758 -37.55022183035588 1.2318694930531946
-24.888021200361084 -37.68279711151709 1.2086984180338842
-24.884811617483823 -37.67438663466531 1.20254464290353
-24.96133008032906 -37.90968143194815 1.3371361836058857
-24.976352228495916 -37.970018205215155 1.3112600309761278
-25.042559279812593 -38.18226958078156 1.204192615361561
-25.145668600077112 -38.4534118325508 1.212228029891855
-25.235185874228645 -38.82802336346783 1.5222446477534999
-25.267704950788158 -39.18123263436883 1.4141022700082315
-25.273806980985146 -39.21550971350713 1.3653996326236837
-25.26785325942402 -39.18686485931918 1.3665703950172656
-25.34548773558704 -39.772309433507516 1.5475388848708924
-25.347300360639164 -39.92362908654262 1.575736968318515
-25.348780050497815 -39.83827298762524 1.6067197506591278
-25.301373371243958 -40.62073715269915 1.6681922444468231
-25.270668585014388 -40.83528167669428 1.7800796307543263
-25.229793120960117 -41.00730455501355 1.8400964236348925
-25.24406050720332 -40.949989485825434 1.7767723440505931
-25.262125750153203 -40.747425252876866 1.4842009733928228
-25.25012016704602 -40.63578181655267 1.4328808479626074
-25.272389842926785 -40.900537177151655 1.5678779763502713
-25.255595960304337 -40.77483780552593 1.2431312967658767
-25.306217233931395 -40.89766085246108 1.08495704531527
-25.303956281652393 -40.89339246330292 1.0817505540709125
-25.381387505999452 -41.08006727093303 1.3213831294561993
-25.438172941089977 -41.48850147609359 1.599549999569274
-25.43894116996613 -41.6502418462701 1.5157914924688074
-25.449212222400416 -41.96928009577079 1.572846875910746
-25.44919206663114 -41.98100192175057 1.5720192679724074
-25.44902604347812 -42.04871483491269 1.5750915737812363
-25.44898458583101 -42.056608635743345 1.5774831472069581
-25.448969451004547 -42.091327626447615 1.5618559050393919
-25.460272264339377 -42.565742434673425 1.5246563546384648
-25.478874615548555 -42.76216394558157 1.4039446648224294
-25.441697296046296 -42.59070667873876 1.2872588567724272
-25.51105528594875 -42.781664770556176 1.1251154026210906
-25.719674794278497 -43.13256081906346 0.8983416378611192
-25.883204817650494 -43.339117669614765 0.9053374714248563
-26.006089309202224 -43.50942821263857 1.0064065638423196
-26.397066187109314 -44.029660385502936 0.8061611350007746
-26.722176387747936 -44.3759854318023 0.8332180969017143
-26.7271571101319 -44.38148423929495 0.8371622674242073
-27.022826763806954 -44.673940721141285 0.6940936283742787
-27.03760705375575 -44.686207693086914 0.6907121726137565
-27.32314756785994 -44.928943876587525 0.7253028457089754
-27.61578099016195 -45.282465429425336 1.1104262173004091
-27.465553490901875 -45.01410986392146 0.9854967849418664
-27.53238609745446 -45.115707782243895 0.9941224569195187
-27.661084833904145 -45.31742988977545 1.0160742004524108
-27.797509959381614 -45.51994116550239 0.9207964831007752
-28.068100468952032 -45.879746854669925 0.9337725778215016
-28.229020203275322 -46.09234606246087 0.9065503196531787
-28.38112903636063 -46.32498939711586 1.119510652554168
-28.58522298034552 -46.86195505875244 1.3396661378248624
-28.62192488123995 -47.02638985797446 1.3684895388927036
-28.668242762135762 -47.22094319562438 1.289951362251031
-28.85674241756237 -47.71123451146626 1.0744575861299437
-29.028797427047934 -47.99725614019078 0.9614167224526073
-29.22420605832619 -48.26196890827419 0.8951144102197386
-29.52117093102474 -48.58219068509353 0.7149845534685564
-29.714186953464424 -48.71603481369249 0.4432895255691962
-29.965401227123483 -48.861345166217895 0.6460897802178396
-30.104975689207244 -48.967904731601 0.6610158594286404
-30.13303758960849 -48.989924318618115 0.6717983847451648
-30.356544773335283 -49.19446086388375 0.8450718060263658
-30.567138901197794 -49.43293765482858 0.8509128534372408
-30.71441067060073 -49.59134022524603 0.7781207242151851
-31.06533318398921 -49.8913623268511 0.6012245727277045
-31.179576867888837 -49.96475267565745 0.5257012032757925
-31.380981482346712 -50.0761890436409 0.4748737159519829
-31.314748008984875 -50.04158735376198 0.49124517947916263
-31.81156974363224 -50.3452423986627 0.6346587384731244
-31.946982511386818 -50.451426222479064 0.7105140459256092
-32.424902379305514 -50.758711997407616 0.3627635156790109
-32.796058502923046 -50.93395101409492 0.5586428619069462
-32.38953960027314 -50.69896300728163 0.47234311517285577
-32.373594450479445 -50.690783640779806 0.47640744246547934
-32.56017043944964 -50.773432667016486 0.3278862422251966
-32.6771172005748 -50.82162642064138 0.48540475602359356
-33.008336514320256 -51.00672298105155 0.545893167060867
-32.97053743115678 -50.983610996982975 0.5531377431504321
-32.97951747900424 -50.98913381805522 0.5487518089560873
-33.15284878179796 -51.09733893417527 0.5720534644343407
-33.20324494332362 -51.13027352623762 0.5890235135567441
-32.71126708113405 -50.77239512865235 0.6887090704363242
-32.27630912914014 -50.26938365168856 1.1114997704360228
-32.24806481640965 -50.21097190327435 1.1337619910498917
-32.03619238012278 -49.742593478398504 1.1643252086697529
-31.724369763145724 -49.15079676658638 0.9681484481966294
-32.09495517809835 -49.57973732748737 0.6934177066931688
-32.31017126854134 -50.0414333535147 1.796372865226252
-32.85797171237247 -49.144622353299845 2.603296078670769
-33.45489577775912 -48.720195532927484 2.403823030892031
-33.797423314445126 -48.28072693215139 1.9764093344276263
-33.76117144117224 -48.63120641343013 1.2200481968798944
-33.9423995290207 -49.27510168906196 1.411023033447249
-34.02067772773077 -49.94375986106316 1.5191134037478677
-33.97066118498241 -49.618658725252644 1.2666900030218526
-33.96634028078297 -49.60498971589854 1.2615311040879869
-33.92389229327917 -49.482795324434946 1.198845239979048
-34.03279012733118 -49.76595929631974 1.2108759434801637
-34.20137154022335 -50.16337933364826 1.107717003949868
-34.25434510058531 -50.273933651056765 1.148316190814987
-34.380821921708545 -50.499382083767344 0.926391258696607
-34.72797685737725 -50.867455318382625 0.6470052553411763
-35.01196087500451 -51.04128828737434 0.402705507450312
-35.47196808664126 -51.18890801803615 0.1722564019353654
-35.79842511481867 -51.292184566789544 0.5075996176957451
-36.10594151883092 -51.52424701607953 0.854751865504079
-35.682274001409134 -50.93246875792534 1.0915314452137463
-35.644758231047675 -50.85985087842967 1.0975582011777845
-35.482488582779666 -50.41968837596941 1.3976549103626983
-35.4622276218065 -49.888899559548605 1.7351262180481968
-35.54434658340622 -49.44970956490916 1.7864110878584398
-35.723346751507215 -48.97169812653614 2.143135458862842
-35.69218300592498 -49.02034094763477 2.136749393429767
-35.656974756470426 -49.08016791073352 2.0516710182442037
-35.7277698175246 -48.939306415836235 2.013770609029624
-35.66904374359982 -49.05952269857597 2.042355343201148
-35.55927825452926 -49.55620912037677 1.4072070432119859
-35.576981945320526 -49.701100250298666 1.5122215228744145
-35.57478185362968 -49.65921018724141 1.527477534710238
-35.51477579952626 -48.93455936878646 1.429228614583538
-35.528061050814266 -49.05299811363155 1.5038906816178381
-35.54094854588123 -49.191224518653385 1.4387399707572883
-35.583656172632125 -49.49563379014982 1.4204134609771029
-35.55977131511179 -49.36275279131463 1.3517528411434903
-35.556524569002114 -49.34859106447952 1.335943121724668
-35.560338549977416 -49.36499112510585 1.351832600067922
