-27.671520991147226 29.79618839704827 2.2949623613768066
-27.683002219893677 29.80916985602471 2.2949162492661013
-28.395521829150045 30.057404593180223 -2.709677646356492
-28.321224737626665 30.065667784630666 -1.9417612418914985
-28.284376345385 30.156598276908646 -1.9768809323871137
-28.501739116404853 29.778277182272674 -2.265401468089646
-28.593572412582095 29.667119287705045 -2.2551011289131404
-28.991117926451693 28.714442490229487 -1.5326511737782331
-28.991754167568942 28.73023405977577 -1.5273436978534525
-29.086785481198667 28.0954841945488 -2.007502277612616
-29.30712361573395 27.726521173991394 -2.2615998631061895
-29.398940729560223 27.61583087198534 -2.265763723671461
-29.239509040056067 27.772059347111508 -2.5172089378553553
-29.3458004832832 27.697472572621628 -2.548470640666336
-29.850285018553134 26.895938256959255 -1.5086750206810384
-29.305437625666567 26.58009351747726 0.9496256427352519
-29.12465649665604 26.708695837285077 0.12135234356086225
-29.079640930184425 26.928415969020797 -3.043424010382065
-29.173167032153348 26.91862827613412 -3.028164537708937
-29.527949970853467 26.831092505335263 -2.706987016151658
-30.32614576266183 26.597013131655185 -3.0803449988020355
-30.67722736854283 26.562974324768472 -2.991834071816208
-30.60634765390459 26.57508240516776 -2.9432490176611177
-30.74147496946707 27.054235413326264 -0.39572796537089605
-30.748638559173916 27.057246061786003 -0.4010537214641712
-29.958498233237236 26.59329030059797 -0.7257713963753858
-29.885039639526198 26.692087692615015 -2.8659022108761376
-30.102293946239428 26.62610779509301 -2.818011238931107
-30.119966906090912 26.620187591984003 -2.8188705928813693
-31.005784121425716 26.282775995170834 -2.7158332980441666
-31.56947408541599 26.05377998270556 -2.8155365685950615
-32.202128596497126 25.928472266769255 3.1413480604614032
-32.76707279733973 25.952979991511107 3.0335755276391976
-33.19668228249368 26.048941098380308 2.7542164652900194
-34.12516284667396 26.388826388158535 2.8453686167908856
-34.517794955936324 26.454636780227933 -3.11243073630015
-34.688299516408435 26.45431048033278 3.102634099785836
-35.34464467683973 26.366029623901333 -2.7489016106614526
-36.25251610487063 26.368483642858507 2.545798488658532
-35.9437910501303 26.124094881203956 2.3612789968061323
-35.912225450774514 26.09276771174416 2.358045320392123
-36.2193011936005 26.500383378579286 2.0040210487637102
-36.42012887216467 26.964412791056787 1.942086763199106
-36.349012863767776 26.770556225660968 1.8928735502198448
-36.86043107764031 26.948968815113506 -2.1076578198383533
-37.17284772644846 26.19956669291739 -1.7529530356733503
-37.157238152288166 26.294776900734195 -1.7038183870948131
-37.09727315237608 26.694338955359193 -1.7436759110663358
-37.21722849859568 26.187459518522893 -1.8924254019237852
-37.59943163935648 25.164111928876338 -1.9819532576489118
-37.792434376356084 24.886754810179095 -2.4739221622505836
-37.97354291054039 24.72778205909297 -2.3420979695852018
-38.48019731707614 24.096477837859357 -2.1045814803980605
-38.37602331728634 23.4524985613566 -0.36917665151262646
-38.36245908446745 23.44725177315148 -0.36894677163456
-37.87594723375934 23.33767763975353 -0.0003988818503479763
-36.790316170309914 23.441642029049312 0.23928050448458468
-36.44734276214078 23.534294219535674 0.30069423492574265
-36.22130579812585 23.29900022459056 -2.4646948341144252
-36.16212852609121 23.346880623036835 -2.456274795257152
-37.054421670038316 22.716797511653088 -2.6324836440579396
-37.87345562481499 22.35468468660171 -2.86454819089103
-38.49089128486565 22.176872487851877 -2.8561650415752364
-38.886075157162125 22.138699011406484 2.9541961651741717
-39.41254848229305 22.23785289512158 2.9572987821864656
-40.14501735318402 22.327427450683704 3.1138158012999457
-40.42585012126927 22.35903635069329 2.903051786501298
-40.8220101574199 22.23243417478724 -2.0104917395340465
-41.06037553726225 21.730122708151875 -2.0189294769806647
-41.432604669639595 21.12295264059252 -2.2735068184490252
-42.0187234576217 20.3344006920693 -2.1147045899077037
-42.470311830839314 19.785086140084974 -2.475105554077746
-42.47443864027788 19.781841046132655 -2.475426341472309
-43.38904055877708 19.103577010280432 -2.5455919995511183
-43.582458984331645 18.98057816589208 -2.6195583278086603
-44.03325980234773 18.75829651317782 -2.7793998890712905
-44.1216798070069 18.72687005035532 -2.831138299188723
-44.04908490669835 18.751530693406643 -2.7885954652121585
-44.22724937333308 18.77995376435689 2.2165977161918344
-44.69308020680023 19.276813380061157 2.4850392413374074
-44.91351456954298 19.43587301242758 2.56377607019103
-45.27537934166153 20.23632435241207 1.1427740046787989
-45.16649489493959 20.688892019850694 1.622566655507502
-45.132224748614924 21.640923101272815 1.4031874793780925
-45.04296052400848 22.179507825414813 1.4115959449636413
-45.01849097507795 22.330896429060896 1.4089766739799643
-45.00695678317282 22.39782862717554 1.3868996962328346
-45.01563080996386 22.022391496410492 1.7888920303758467
-45.023073185640605 22.298706060093032 1.3109725738648244
-44.83655205331579 22.846748611317704 1.1404224954763438
-44.69854644739627 23.248346419456098 1.3888598497692846
-44.609531388528076 23.694338323880377 1.3512003057992046
-44.52797927902798 24.246454462453176 1.5335706611819473
-44.53970946167712 24.707957588065767 1.6901645009430961
-44.64486826390465 25.766254836041266 1.6393463801814396
-44.89248736040454 26.280248093739488 2.5903357401452585
-45.93086339497204 27.223819939928216 2.1244761473358795
-46.109181101794 27.565943035062773 1.941453225654107
-46.15704125488319 27.614306195453377 2.9652377578534903
-47.04320964991817 27.862474599752225 2.7234953196074327
-47.16420259689927 27.918847992276714 2.6786979511989615
-47.58737696187252 28.098313947048762 2.8331759595542847
-47.9355449118943 28.216115815521402 2.7885757271000853
-47.45411663674652 27.902498268286095 2.2276658061198593
-47.66223015428982 28.13863048482606 2.3915204108821917
-47.862012322078826 28.347752229452976 2.2461142428017764
-47.551756435856426 28.68393874421545 -1.30544763637457
-47.58419981848899 28.405639097598677 -2.2589526672802247
-48.07962779839725 28.083629755053693 -3.0246814308908383
-48.94728585186928 27.81521914547521 -2.566926560472357
-49.51073328375391 27.515797045930483 -2.782443249809813
-49.270736364480044 27.62207797189401 -2.638101402355392
-49.280360084919835 27.616755513039166 -2.633862928407681
-49.575997568157 27.455129601271082 -2.652416154774452
-50.485948569406695 27.106355117270024 -2.960312089195886
-51.526553468264 26.767353913693306 -2.6261857834527116
-51.814803929027974 26.588257403602643 -2.524826753614963
-52.02999399534504 26.449557200968915 -2.6354100768447055
-52.72432466222067 26.09380624078556 -2.7171393531440016
-52.948751910322606 25.988945549873797 -2.6855343243273446
-53.8177484408567 25.627023359980885 -2.8390938422248926
-54.90217328788031 25.16738062236674 -2.593082301906421
-54.872112736542164 25.186351806628483 -2.5569254188023174
-54.85594081091199 25.197019419156906 -2.5607919387195635
-55.388574219231685 25.048976813285428 2.948145985357714
-56.35588038734854 25.212003837807476 3.014342523314771
-57.0560966431224 25.20721249279921 -2.9336110635790082
-57.18002216357776 25.182353285737026 -2.958638891510147
-57.920841213573304 24.891220466323126 -2.4799063845876548
-58.16324760476004 24.827712254163902 -0.3519499739588632
-58.2881092165722 24.87625666921062 -0.3990792727085628
-57.909026350678445 24.563900471154124 -1.1243611791885737
-57.684870973659834 24.25863961515153 -0.6569937534443975
-57.5424825212544 24.137151776622595 -0.780402047753114
-57.24939647034449 23.843725286634168 -0.7943434526396134
-57.30030086041764 23.907463372484678 -1.0506833358641234
-57.127002026339426 23.607207237679003 -1.0423069006107823
-56.71613117220266 23.25035801873513 -0.22440874601806904
-56.69356345986428 23.24518632947527 -0.22657060358618164
-55.75465582549479 23.027516640081217 -0.22966537062674508
-55.361128075211234 22.98185283854552 0.05569699157614471
-54.75249172100956 23.048597756467885 0.1895209908589891
-55.02078491699714 23.01490837975142 0.028007144609623155
-55.169634420546465 23.005454560419928 0.11655780396242234
-54.447825569916645 22.988418424345586 -0.23383076567109295
-54.13418205269808 22.908549585028968 -0.2726260477600455
-53.396665848832875 22.966342875013527 0.6044447033159258
-52.767547494361615 23.58144039583241 1.0286575181921296
-52.835004713251585 23.46902347141745 1.0328402781492805
-52.71689997873636 24.217281129145373 1.9863600505457035
-52.80822545507826 24.468944822254173 1.817723180323323
-53.07932438016009 25.06595900065214 2.2660335804379144
-53.225970509256285 25.321682534290872 1.8296228352652886
-53.009086670257254 26.144717692793815 0.5384074968861594
-52.74879525062272 26.28563477319953 0.4328952780054882
-52.556433030769654 26.66626224283889 2.1077883386220115
-52.620275823024436 26.76813489220676 2.1648463972917926
-53.03911305980334 27.317259050507893 2.308728693642112
-53.128733902837425 28.00553580798365 0.7876027136885795
-52.75681779850521 28.464838403655744 1.0439558300230718
-52.8666247336296 28.22481883122997 1.2883909738586037
-52.90558535680899 28.097770849713747 1.2505136745928465
-52.77543221723632 28.37814880783656 0.9647086505713138
-52.48312143036117 28.79818479457115 0.9599743318438043
-52.827643902458156 29.370268773183128 -2.4410237500439673
-53.963070756730886 28.8398091182979 -3.099804717496329
-54.75673935307206 28.65767612522715 -2.640332657038414
-55.3252246176681 28.34383520226131 -2.632414190706292
-55.7644490776793 28.177071552886108 -2.9981973939509214
-56.3733472691678 28.16159522188162 2.9900284452541155
-56.49859590049929 28.182073504631603 2.963771351352213
-57.598453066532336 28.228858870506098 -2.981140813832564
-57.79831690909825 28.216069457717094 3.060673641349094
-57.368692742614606 28.192779778469223 3.1275801272515897
-57.828590419693164 28.23281908978107 2.9455055019706973
-58.0590499046665 28.30200201262278 2.706632800355499
-59.07837408067013 28.600740203584564 3.0813041365303957
-59.733127801488905 28.527563336070322 -2.7729084979687295
-60.77533984965965 27.750898157400332 -2.0935503153975574
-61.35846174980719 27.793559209832605 1.3869550411363458
-61.03822920318822 28.438995590253533 0.6951533024051241
-60.53913786965366 28.854274366313412 0.6922502005105233
-60.51958902514946 29.495523368550998 2.812425176071257
-60.621392390005724 29.52887756840428 2.843813805077283
-60.82708013362561 29.564101638220155 -3.1189368855240365
-61.41756950223008 29.3429368438155 -2.279647210820136
-61.60755538240229 29.124783693051082 -2.2987537757114698
-61.7501823540088 28.69842061385727 -1.2859055584451973
-61.59251626689133 28.02244366586683 -1.425269643849152
-61.5483309931681 27.5660792856609 -1.547788056191215
-61.55788573284463 27.718387572806172 -1.448681745920859
-61.52076611738148 27.38375970208245 -1.4777772385298427
-61.60590288567265 26.7127168505674 -2.0258201841988477
-61.64103975589804 26.64033766670553 -2.0181216001883318
-61.82381019171537 26.114928024086197 -1.7367322432961707
-61.80645189978316 26.23242407147386 -1.6885778705435328
-61.85278009629486 25.907006440509587 -1.7476616842338055
-61.877255878248285 25.761088944503555 -1.7209733603214818
-61.86085722411749 26.022641219049035 -1.5020694376015555
-61.69259827254493 25.424096644212707 -0.9887843132602461
-61.859814837192474 25.59592446560292 -0.5143187084972203
-61.17199168699606 25.280376306590075 -0.3038162230310073
-61.055202840412115 25.24327933536598 -0.31318055664765776
-60.34840754608635 24.894852382653074 -0.6752432152736256
-60.141278703826224 24.75052937698648 -0.5085373656548589
-59.691966473342696 24.31589619182371 -1.1591774749318953
-58.73056910888647 22.990823979651264 -0.6190639406319214
-58.51971695255453 22.85450210601745 -0.5062309473432451
-57.84319676347848 22.33180388842723 -0.8852191737560702
-57.66176607989014 22.14150832403707 -0.6952750349116812
-57.354627085565994 21.942938902914474 -0.39188782917096177
-57.241720471963056 21.895882272646602 -0.39937637031608375
-56.82180820827594 21.771936680782225 -0.11848526302351026
-56.50197109549241 21.717980925533293 -0.2400822889227241
-55.68600656742492 21.756866920627747 0.4791745541663486
-55.44919133765933 21.887804796084033 0.5439277099305909
-55.29553833871928 21.982327409885723 0.5628554923298266
-55.20137959633026 22.038193216814708 0.49444090871788177
-55.23282450973634 22.02117283641472 0.49864049501219543
-54.93923383434256 22.134817791755125 0.1753508291102036
-54.67710473942575 22.176836830846877 0.13434078736870037
-54.205050869929835 22.221619371541887 0.03494973636404397
-53.4824983694582 22.3893162073865 0.5177053510653167
-52.80463974784985 22.637523702852718 0.10094627233323544
-53.02149784108297 22.606780603039347 0.2006494682482888
-52.61994482214918 22.686233180464953 0.18737612710998397
-52.63589982835171 22.683171071469758 0.19297545513766318
-52.30408764557012 22.776168224464293 0.3936855239157584
-51.13328935165636 22.889169577053124 -0.3499821221169075
-50.92308347580547 22.816767797797983 -0.3042930941211841
-50.70955719427323 22.749739754044395 -0.3039827201963563
-50.23732209645655 22.69646952731545 0.17515005460075414
-50.43002938021037 22.644192018789035 0.39953462175310583
-50.387940299200075 22.664889251061247 0.5432591948153555
-50.33735999308953 22.69461599060413 0.5134524099338951
-50.3773182482749 22.672611807251034 0.4882328463787216
-50.32719643833421 22.698576210243253 0.46256130848531857
-50.42546656688979 22.64743615700328 0.505748864011882
-50.280982673756476 22.734444508658015 0.5964675674946626
-50.7285719223709 22.339918203688953 0.9114733594073268
-51.25104078834359 22.011672058889204 0.0351398411562906
-51.14442757105809 22.017563391586375 0.08529721612863544
-50.924580489135074 22.037252053000433 0.09534889422188701
-51.38612019940705 22.054103039665915 -0.23425874739562857
-50.23401767894681 21.64675781375349 -0.4982339983181454
