-3.9993697657635465 -36.336640404304966 2.5942324850378595
-3.910904121585037 -36.390751958470155 2.5902470060672034
-3.970314782725474 -36.3562625172949 2.653667636259658
-4.195607623422412 -36.21677603666126 2.4875551376534166
-4.196820076271369 -36.215846707176915 2.487724852542519
-4.7301072960273585 -35.68135072280746 2.1560688682100126
-4.8513285912016135 -35.49308595929956 2.1230527061883997
-5.44168532555562 -34.69975437480194 2.341776261251347
-5.619631286870979 -34.48665530932099 2.153686084399795
-5.974932358503404 -33.99120797819716 2.25179060932853
-6.625656198021297 -33.17648661302344 2.2341853195543804
-6.830275550870662 -32.93052145805003 2.310447931826254
-7.268508902816242 -32.2429062938343 1.8798493394553324
-7.376719071343374 -31.712601291530923 1.6104401432747468
-7.385987661962168 -31.52878880578629 1.6372843303524471
-7.458462773782086 -30.677951447746 1.6835038149145627
-7.491250186548819 -30.14575693684831 1.5555605491033382
-7.63275381319016 -29.515223728500825 2.1455533963452895
-7.763245138068512 -29.32111085721564 2.1882964679699852
-7.865919893300466 -29.15173162934321 2.006929102779555
-7.835942755668906 -29.21823209391057 1.97535494522021
-7.822936201802812 -29.24989901314817 1.938263451230042
-7.928315599064884 -28.861702932568157 1.6822741052821897
-8.241914610118418 -27.961662187321632 2.2417629238687806
-8.503487535037635 -27.62161057895407 2.203561315486303
-8.774296084000325 -27.145064017898086 1.913559027337591
-8.957460645634017 -26.606635031975458 1.8764093370386723
-9.020104968986132 -26.410257769052212 1.8843654637720884
-9.090225331240035 -26.181646741154065 1.8444766773472208
-9.048301055929635 -25.51827823015076 1.0024879685000352
-8.97391005011138 -25.410796272346797 0.9097051045202829
-8.692123110485129 -25.05320606346339 0.8939556120098933
-8.398373903520223 -24.744603389963494 0.6841972964138968
-8.405983924814011 -24.750821845057423 0.6864673391898338
-8.069824224550796 -24.208773775106565 1.5095010200486318
-7.9812338496690955 -23.84285201388359 1.0689105124681435
-7.981145139040724 -23.84269035837005 1.068891783079982
-7.694882903604105 -23.415478700067514 0.847763399373163
-7.21657685970655 -22.787632809251644 1.0277867664674527
-7.044951570143084 -22.52127979355523 0.9543231653413364
-6.704127861377513 -21.94593919109443 1.1585006979942514
-6.623251198833675 -21.725864392536185 1.3088001109244418
-6.536842638417148 -21.529191951271336 0.9288796417540192
-6.290548356771113 -21.183366665675898 0.9865156765093759
-6.494908651483485 -21.455811794685975 0.8383092154575584
-6.482665983987758 -21.442123095695138 0.8452968478746471
-5.9617002820713845 -21.08894511545094 0.22145328297117084
-6.206044187648935 -21.14130196293378 0.19552835750796843
-5.971380618611691 -21.090216876175575 0.24258411551785108
-5.799433857051536 -21.043433685974563 0.30024640203061487
-5.032404452227891 -20.664081832266163 0.6978714032743668
-5.011894812390998 -20.646809438416923 0.7030048157182991
-4.727870573545974 -20.316071107695404 1.0985918403196906
-4.38109306511028 -20.17408520406034 -0.6763352923971251
-3.4764378138839143 -20.691047125101093 -0.2833958102839125
-3.116909236945108 -20.813299242291738 -0.39432984651291925
-2.4894663798614376 -21.114010558925113 -0.5258110501478281
-2.13876054100366 -21.318452483621563 -0.5307435252976918
-1.3096269965624139 -21.563869650267424 0.0766753224590589
-1.0802009875724996 -21.559409036092763 -0.06641286781094724
-0.962035929693515 -21.567425874784185 -0.06973220865910523
-0.24600943547797519 -21.70665302141799 -0.37552096560666115
0.5705595603262682 -22.058575487253616 -0.4540243468303258
1.1707622427438809 -22.126791386995283 0.39811362920476967
1.8573170107581638 -21.76874479240884 0.6046015123764013
1.7847561319740899 -21.820653977339685 0.6455452928671649
2.1422968019005078 -21.431223865336996 1.1018419141710947
2.4314308825976587 -21.057553580436295 0.6278782898628534
3.0434562556821505 -20.746564210572735 0.23351163174860412
3.637829967141817 -20.640042256172297 0.09306890192674555
4.242178855152529 -20.32311728888957 1.0678522758975868
4.715776795438229 -19.772284057524956 0.549844443152538
5.4646126165014115 -19.13383375130061 0.940223488042305
5.881725266124411 -18.346243715882185 1.299027653845189
6.017795561393851 -17.923705717772123 1.1995890419033368
6.0904801433207725 -17.741012084621456 1.1809793099328132
6.437287263945773 -17.026007860761858 1.0264973281134566
6.856406928248265 -16.15746722949954 1.2632562344867078
6.753608211860291 -16.422512192152613 1.1071266413151988
6.812932033246593 -16.297169868763433 1.1611613274734107
7.058971244738527 -15.85112132053166 0.9250768741608479
7.2437490422351605 -15.630018958773654 0.7990250722018944
6.877955569739319 -15.968941915730525 0.6696800978544094
7.190983164504415 -15.744158809096406 0.5523957864393504
7.675291714525661 -15.416135007132121 0.6597322047745725
8.113087903183681 -15.021619462161986 0.8440127862271347
8.245350355588055 -14.875579237543509 0.8211413423054255
8.677277745102254 -14.2314299767824 1.2185816478243923
8.631625003210072 -14.344001056081405 1.1359228937499717
8.786930954087186 -14.0699248845704 0.9342607447160882
9.010987302684512 -13.842103323462224 0.5829347264558753
9.764698746838919 -13.315891707778505 0.6493238709572157
9.869506211179234 -13.23753216044699 0.6310064957018784
10.489293971956196 -12.75755896281237 0.7008521155956214
10.558420719396217 -12.697091438165447 0.7454203099535338
10.829430386546901 -12.414123604361974 0.8993216016613746
11.149353695535897 -12.086746367729074 0.6433002449651347
11.87503939073875 -11.642249741130955 0.4089850850509402
12.063516522285544 -11.564901210241146 0.3600932231587256
12.330760883205437 -11.457328710647158 0.4165628796743384
12.417456273902651 -11.417159923136888 0.4598699548261634
12.618609118215481 -11.316251947696065 0.47260844727424367
12.877572983481842 -11.170812101586069 0.570393245412152
13.599287447090195 -10.654849608797274 0.6960706683005825
13.882577320618163 -10.340441561452192 1.0494304439541404
13.981384213220624 -10.180037960705384 0.9726116164567036
14.059077025286157 -10.066506294718302 0.9677491196043444
14.352524895388184 -9.652838755256047 0.9328816546212723
15.21378657725805 -8.812033152361725 0.5341284413300914
15.943151691582795 -8.286354191000445 0.760074694430762
16.113144712515812 -8.125236333333605 0.7563889002165682
16.295127507108603 -7.96562304221111 0.6654323625321603
16.288538609564227 -7.970806139658376 0.6682064812554436
16.335284449837673 -7.934176372215667 0.6593328286708685
16.617704073938384 -7.786457770722162 0.21578670667855981
16.90749807310855 -7.655860858766868 0.734814714076732
17.107969489357323 -7.485693092546053 0.657325693851344
17.551242534013383 -7.174877994104262 0.5428085603163098
17.78227036189227 -7.05750375503659 0.36095902618587483
18.080134513098365 -6.950938497132213 0.3174996320179947
18.54058999512225 -6.8794995017048555 -0.09144607007497285
19.063001473412754 -6.992911536922869 -0.3972711842736274
19.722317201933237 -6.9627616614629435 0.7101497883851016
19.713272543916133 -6.97062369809632 0.7236803933760372
19.983076404523583 -6.719039956276828 0.7906467565972181
20.64039912454907 -6.10224570121878 0.6980294248442125
21.482485557451636 -5.953362240108772 -0.6095576003556324
21.539863366380647 -5.993239680564507 -0.6040655100102388
21.71669329130925 -6.133493684668256 -0.7702887783220635
21.870097374112543 -6.2892980943525165 -0.827468877030304
22.03266869757246 -6.493123172469682 -1.002594660953826
22.761250360085924 -6.983875051264216 0.02197277981700549
23.426153972081003 -6.840139572874623 0.49928804950887773
23.89393201007219 -6.627514856490168 0.3176292859235216
24.66232401565176 -6.4200936694655155 0.18270024147316502
25.288890105913065 -6.44262533838783 -0.36391304563171456
26.192960367335864 -6.581935991164461 0.16364408753844548
27.090248252387077 -6.71199010653006 -0.6053135731475505
27.763508149841815 -7.021151333498069 -0.16822614595136276
27.785481214267904 -7.025013567800098 -0.1826456763368327
28.52159802969237 -7.317203768019913 -0.670683889353036
28.6863484723044 -7.4580739009681984 -0.7625228893652842
29.253206352538786 -7.813921555301787 -0.25765995397843255
30.143417752514274 -7.440180306021255 1.380207682065425
30.15778928811939 -7.3357670836945 1.5147255461643003
30.156210550236775 -7.775190811416471 1.6459206711439487
30.320050894844403 -8.092567937377229 2.6494823429706362
30.560994744392392 -8.223988072892238 2.631421562333679
30.64649408592135 -8.270821884340277 2.6540291865486045
30.600958483256328 -8.246266068227227 2.6365252627085125
30.637312489750922 -8.266214988291845 2.644504234004507
30.590078106190127 -8.23947326684168 2.5993316874691876
31.279773548697708 -8.44576341236111 -3.0547859077882276
31.503249222981218 -8.422300660722112 -3.010285406425471
31.651828798425402 -8.404615919975434 -3.0423834419702276
31.866750141124594 -8.385991446379823 -3.074303426524599
31.817983432800375 -8.38959421759369 -3.058167215943651
32.06431393518559 -8.412549195901892 2.784156065482656
32.33925810382876 -8.521085257692043 2.737802127768542
32.758967933298685 -8.642103946132853 3.045467085659265
32.97414213944841 -8.664050659502712 3.0316720046384984
33.17810579997681 -8.686993017941798 3.0264442306583064
33.268143604591636 -8.701116051302513 2.925342955578513
33.41260828450771 -8.734602861722546 2.8965256859132373
33.48503777666231 -8.759298932224539 2.6876803627431576
33.51404306684511 -8.773316705420735 2.6969984386419363
33.800844536122916 -8.927379941793486 2.5761208533920086
34.18295596980098 -9.21297899402264 2.385175136955998
34.186367070526764 -9.216190084285177 2.3882082344985665
34.468073831191845 -9.433330842966239 2.6299607900259545
34.908595597291956 -9.713269975485934 2.493805099982925
35.148442112289906 -9.893719856375068 2.5007564304329275
34.74092393475186 -9.307858777651 1.6952537382544839
34.71630412050359 -8.670420592369139 1.4806198933451984
34.90426742633762 -7.862752551344815 1.134427283606375
35.15061962664585 -7.527763986166902 0.6401134920190474
35.19127684936191 -7.497298497383044 0.6475027893265987
35.48558912317131 -7.19786758916655 1.0137930829525268
36.156446198732304 -6.417277615112078 0.6314529429644724
36.61171600191928 -6.037197736322473 0.7918954640135136
36.72749204039758 -5.9165085858505595 0.8275880302443258
36.809572853262 -5.827872890873847 0.8180569805145984
36.57632899662497 -6.120315181363133 1.0167582090299707
36.68081254631761 -5.5240419744225 1.9681871578841315
