30.00841138398704 3.009576443929058 63.72410544225414 0.44386315289135947 36.67620300316853 2.085177906258753 12.278532997760216 4.73421417186758 24.48794012235704 -0.2945100401149924 91.94358321569426 1.8263172781954164 15.579226196822741 3.41041552618771 43.697287317836455 2.4475139031330917 77.87951425983651 0.37692144380889997 12.159745902455642 0.830801115681106 55.93185840108159 0.3127565780364573 39.62973172608849 0.6634931872316048 
28.563663533834777 1.8069986699469718 62.930053107557015 1.026238946966014 38.12147171651813 2.403421069710586 12.497150145620303 4.421173545246036 24.46443038580149 0.675131302485618 92.95497757306654 1.2976348608589108 16.222721618242307 3.8278905396733722 43.31464963317444 2.088501020406473 78.58356119534565 -0.5947266666440647 11.914838003198973 1.3742796770961412 56.82491407754462 0.7178888149195433 38.91463319945095 0.5763411541924649 
29.65370971583524 2.6604579217099626 62.27883293104962 1.1041533938475763 36.71741088034975 3.4232645349914557 10.405650513965103 4.128628349555945 23.790674108450848 0.1929323482680726 91.90207851465593 0.23515845874025432 16.632207259707506 3.82690584487917 43.41770265518788 1.7708836375448351 78.37814654668362 0.5578945979995931 11.74491558876716 1.1288343084155483 56.995436444415745 0.7468320026357687 38.44168423886113 -0.27120888031977275 
30.037364202961555 2.223780729835398 63.291691446516175 1.2427096629648107 37.15792295530838 2.4161581118628335 11.08323796652663 4.570200633103334 23.86308830548237 0.2367624531529413 92.29759293875163 1.003005053202164 16.606536924410033 4.0036816630736185 45.24668847924196 1.9160735464860832 76.29332572079346 0.0610370148652053 10.773420464012428 1.987518127978128 58.11142188242984 1.5272765812503664 37.36571286123119 2.153826833917064 
29.531031974831365 2.233550364133312 62.45584809094627 0.43704169482425725 37.51705603059797 2.7405033394200227 11.649343553779934 3.9775557322532773 23.327602728801313 0.07555885614992386 91.58125192109323 1.3417340581203976 16.0054450883293 4.040527175463575 44.27224755710328 2.960835395767423 76.43094573103532 0.8677968832408882 10.491258790709654 0.04364468975320834 56.75470874551463 0.7623042631213148 38.03754614763664 1.1081423255622846 
30.312387701394634 1.5442929429544563 61.55993658380499 1.4923292575833114 37.64498331121098 1.6154489539131203 12.32467607630969 5.039427983468119 24.139721911138192 -0.048611539899032455 90.41736806921158 1.4147914358719265 17.203727009271237 4.054142839861247 45.2557479879247 1.8033095493334539 74.62123009496167 0.09419577956304298 12.297789840059682 1.3149296896386047 55.64515418266457 1.0412366589522168 37.14433890731919 0.02013559086275951 
30.481451732481048 1.608588012220225 62.54037670623673 1.7161162958093343 39.65655837052503 3.6300017072918696 12.710904381636658 3.51827850254596 22.889844207092207 -0.8654931970205739 92.32723023745021 1.8578791552917526 16.89507505194936 3.684363407149765 44.26657972583038 2.4132835512170616 76.29965409849082 0.5156972255861244 10.868735086688758 1.7352143278345835 55.56512957585079 0.6063347585639036 37.63705462347439 0.14002837892702427 
31.4679718923805 1.2866756143323832 62.39549748737836 0.5289681979250436 39.13107701295522 2.2091225435774517 12.551786700140534 4.639246138330912 22.84613514821117 -0.15422256687278468 90.06254173364215 0.8330903389762452 17.815886165597455 2.866241388162805 46.02979973051533 1.3550307715311654 75.58389917584252 0.6072836270154939 10.340509304390347 1.2414590193102653 55.31152474610428 1.0651565143661335 35.561098087650386 -0.4789232751038501 
32.50536029298312 1.904152958075187 60.640036414455565 0.9907154037537418 39.594279973223564 2.0268555811567155 14.57260858106093 3.524265860294482 22.059866678077512 -0.3006684674195778 90.23235356830891 0.01660462602469065 19.548558649485223 2.3345674330676314 44.49624227324593 1.6022404701622124 74.6084751308497 0.055369854828559883 8.921994622190612 0.6284551663645277 54.736487392281326 -0.3033807660463006 35.502103205856045 0.07270209357255786 
31.029362129727897 1.7995184205485886 61.41233757417311 -0.5032745173748343 37.96262026122213 1.762774808535858 12.578377689507308 3.567065675968372 22.92907667465118 -0.9066177951814673 90.98690196717665 0.7463243876141267 18.82376293770489 2.9562951553433856 45.447972708657424 1.1577438771301025 74.9705244652222 0.05484173288528976 11.214533501502537 1.0351339591573636 55.776506154927375 0.6299907861770755 34.22623284492627 -0.771655856430269 
31.77296096371848 0.6301533122677443 61.55292835636806 -1.7145466333033652 38.31529277981684 0.38963698631247146 13.347501459351346 2.014765839747584 21.27263829560958 -2.351833154273196 89.66916372000101 -0.267338653461483 19.13566211684393 2.3111298861315475 43.60211524378221 -0.14257121574222137 73.78980981969332 -1.7918100609944891 10.962649162775588 -0.1288961258176688 55.54937714064713 -1.5665774476460164 35.283242966351715 -2.0672288811485897 
30.968050843363223 -0.1761401288577784 59.90520972359854 -1.0935586529402423 37.148182255722865 0.9238915423034213 11.996045337094422 1.8573515356946297 22.624001697476764 -2.442999660875224 90.38551486011313 -0.8827036605538869 18.965109386903986 1.8902720537175712 43.94427500037697 -0.5329602657916633 75.83392441413488 -1.54087697382575 9.493453741649095 -0.3454292493846409 55.79838459541833 -1.539693227265389 35.130410449476585 -1.3029083290958199 
30.884683401127056 -0.6115264864664557 61.13948596132336 -2.122918442319974 37.83811200368939 -0.4008503356744965 13.580713535399003 2.6564485457226965 22.377919421644705 -2.929110476103234 89.10648558303083 -1.1667535374319844 19.39633585448859 1.4487795798237992 43.430942358165495 -0.720391411750284 73.84185844246366 -2.470577956078514 9.159243038260707 -1.0460440595669773 55.08759618769519 -1.0582025976633829 35.57172278969431 -2.548339650528233 
28.960125171092347 -0.8866623679027414 60.33009614297918 -2.310767811663829 36.441750951261966 0.16181550905533426 14.577525890807191 1.7851072983872311 22.347777691039273 -2.898122106241695 90.4271466974036 -1.4764720731073773 18.875964930794574 1.5543137963762732 42.50336832067081 -0.8929484627793148 75.71218124743768 -1.968606622642505 7.722878769256367 -1.0104530296194305 53.62404697423127 -0.8237121364779093 36.41608379619828 -2.600379299575391 
27.90959519077028 0.6143384388154476 60.78302962988288 -1.200798854170845 36.7608199607684 0.26869525291761065 14.224292211989384 1.220434620236624 25.38868312304263 -2.94941596654486 89.6270897463886 -1.6133679988790863 17.190360693496714 1.469889765177425 42.08392221235842 -0.3725490235009988 76.85384188964716 -2.365749275032958 8.73742994337873 -1.4520006433799444 53.8948619566851 -1.448075131277855 36.72966234734627 -2.667694800807573 
27.43917499096359 -1.0561493280661636 60.20427821832501 -2.3390631330096716 34.660056010380856 -0.43482400916720965 14.563729870958817 0.8916585902554661 25.781002378690854 -3.8095281827897503 90.02127244632548 -2.8985380563294307 17.479425686653805 0.8811647283067813 43.237925825985066 -1.2586720762001515 77.78473963930895 -3.9330219289507165 9.436595971268085 -0.8008121254192597 55.29406460689412 -2.2171410582867943 38.85840252196251 -3.4473388657666253 
27.906967670220023 -0.805740433283754 61.35247809931437 -1.5215762540162072 35.37343277184048 -1.1603350799612364 14.06841427266901 1.5488454928870088 25.94466441385469 -3.2457543220031426 91.2099323039523 -2.4115423868677164 18.548788506795656 0.8472936021955388 41.27597757141888 -1.4635237366751581 76.57333518038313 -2.9638149904844093 9.024105424263954 -0.951425448392818 54.895286472839715 -1.75259024521945 37.025367154011356 -2.686889692683351 
25.911325329799894 -0.02472478945454104 59.82853631392792 -1.7970801620051735 34.82535355864252 -0.820930403185749 12.891611978467989 2.336565873834579 26.07222113861944 -2.657719703132819 90.20663114966143 -1.6469721713218313 18.832058922706366 1.2279568268461167 40.95148777193859 0.16636694073798663 76.98405055072601 -1.7634381776986174 8.68173724798521 -0.5387541552643322 54.99538921375837 -1.1264346315477862 38.319263793267126 -2.290120552023558 
25.073984989456946 0.4561898452095733 60.86443032719873 -2.4250004756404957 32.988537137145 -0.5763750969689926 14.001950402455764 0.23470768300113076 26.6969655074339 -3.5346378501789166 90.13679548210395 -2.138693923016756 17.099888831509684 1.6617499029828018 42.32998565943959 -1.7707104323360103 76.72097430746285 -2.3458526124635948 9.931414258306791 -1.5190372872817512 55.23224655587502 -2.041196111019451 38.02745972610714 -2.7785510277947782 
27.077886445959304 -0.7221934332102121 61.055505621619 -1.4572646228750623 34.763400485661215 -0.23612925396470275 14.159054137723595 1.4968719118158234 25.200754965592502 -2.5077865721287904 90.79668513842401 -2.2640074519022773 16.944166955118266 1.82170510798534 40.79173337483452 0.434004163539889 77.41355864283325 -2.2009519030106643 9.541839553760125 -1.4114612047991177 55.08280876085995 -0.2052673040111892 38.97280815329364 -3.0694022463644 
25.85511448404358 -1.5024818610679302 61.16101180820852 -3.2600945242042623 34.17575448966276 0.34214414743885047 13.980804314272879 2.0755977083898554 26.689040002523917 -3.0185194846356067 89.85221232072176 -2.657023015668118 17.4957178248264 0.19167155464986435 39.18993165072156 -1.0108737714990998 79.53765265045732 -2.652484198580912 10.070306219237898 -2.0585208216511317 54.74332043952079 -2.849992835309897 37.67095679614399 -2.4786097218276963 
26.88264198404194 -1.2301056367510137 60.867081733260825 -2.1597211057537256 34.8835646185704 -1.7643437301234912 14.227420382648845 1.8226024432977117 27.919047862050324 -2.515990365064022 92.49738575216747 -2.0595058882481525 16.53118293424323 -0.43548475769326345 39.14991276710402 -0.616618805472668 78.53408367036255 -2.6788860160684167 9.412404719852137 -2.275414994040527 55.152748507685864 -2.5048413208928673 39.63599402523322 -2.8324821174604597 
26.367136679784654 -1.4026723654155422 62.52253181475512 -1.5950717660240645 31.675764787196442 -0.9881184574436629 15.191685779767013 2.184219484196107 28.162085958437405 -2.921593803436508 91.95958070560984 -1.9552942707729146 15.62926513444048 1.3927778792022407 40.35806942664193 -1.7181013087589339 79.59016737342934 -1.7829875292117991 9.973875558294326 -1.84184187277321 55.10005386686129 -2.6050405537794044 40.2616601433296 -2.8982791664738077 
24.06945286580202 -0.9239568437733973 62.51934540976516 -1.841184351651363 32.45530861381818 0.8474977232813017 14.695249806410398 -3.386714502187025 28.63345226465123 -2.4879198438749093 92.06408928837807 -1.7524923868119158 16.708205466267234 0.6847337416163861 41.815852746345826 -1.5592270338046517 81.59388446677838 -2.3819146577888466 10.336048569911952 -2.498844465822535 56.026237194312486 -1.7446083891486759 42.63451863788088 -2.5308685006809006 
23.7812518332591 -0.06779991318593787 62.530261352721446 -1.4737636259775038 31.98693229310976 -0.49913138195721696 14.7659321320992 -4.058891528338716 29.54838711702115 -2.510929939609049 92.61331480656227 -1.303189497180956 15.00866534902065 0.9209405029838557 40.2301003581284 -1.5850779795705559 81.09543697920147 -2.4240038134805246 12.508195013103444 -1.9367457892760949 56.30725840572363 -2.8707173417272465 42.049506513590785 -1.8070782715764038 
22.48941382121999 0.17982807966460435 62.44548034211649 -1.9857107743762041 29.708500863259772 0.10781739161585963 16.533468876128023 -3.4840357238087076 31.389861996957567 -2.4489620906099234 92.69659470691514 -2.0589991342856666 16.7533158199047 1.7171327013638649 38.86950102112416 -0.9005105209824923 82.4856600160259 -1.9142948854161328 11.049676590988218 -1.7610413267307983 56.395603002675074 -1.4222764572081508 43.33515668121373 -3.020738040045447 
21.91602491162978 -1.4743841475987953 62.377626172481946 -1.9233582522768162 31.20211747531029 -0.4688644060420029 17.770979516298546 -3.612906067269559 32.71917182081155 -2.7053490683227803 91.96301000396966 -1.7404267775048503 16.992397621864832 1.7466548307758372 39.13536992383906 -0.7349004512177832 83.56388641176328 -2.5207776608580703 12.329789535328263 -2.3889058756191055 57.04229954135489 -2.164647502752714 43.32546026867962 -2.2701319331497753 
21.15313633114107 -0.28881839333931597 62.51492792198793 -2.192289409515478 28.674161178051687 -0.48210705654098807 16.146317383573173 -4.245230660318237 31.173692088334697 -2.641316917525074 91.39431427809711 -2.1524631274558303 15.071040463265179 1.0808613868476131 38.897877975716675 -1.4445739897715704 81.64435237777029 -2.180823486617017 11.042773107519052 -1.4572609981618072 57.75661103746194 -2.6125962942514294 42.86165560851301 -1.80743459974329 
22.24709695121841 -0.12213135001383169 63.83409557654548 -1.3661864642166495 29.156637698189634 -1.3020336219935187 16.48409180831102 -3.2458723891769803 32.92983926242819 -2.0148000749863604 91.88357525973956 -1.3796961157359293 17.100480322886742 2.1074406727337225 38.3110296415612 -1.123042261207915 82.93166846276266 -2.7146217848096064 11.755333358330082 -1.5713376575595381 56.38854705331091 -1.8722714602612893 43.06622707667982 -2.739336543991866 
21.716637667583935 -0.3152513360571278 63.90990492094248 -1.4400368974603734 27.697621545580386 0.1692742239034764 17.157516717993186 -3.9203922306178947 33.18843670955516 -2.7388617019636223 92.69229354025327 -1.493377103514138 16.654108438474694 2.5982867503660287 39.45382969644296 -1.9271205055968967 83.63966446532659 -2.4629964571912195 10.745466108099222 -2.415726102039095 55.74637295441578 -1.7058460176882924 44.03041755113026 -2.3803258315829687 
22.47847850801821 -0.48930674681234215 63.67643876194167 -1.7652554476210138 29.32656342268947 -1.138292300146885 16.166393012617068 -4.7634734581799805 32.09811177341648 -3.1837314664025516 93.53474207787367 -1.6169519129223513 16.08871873646197 2.634976056859065 37.6276880247698 -1.5930986717637516 82.75691025075598 -2.0312888793587986 11.252468154009518 -1.9417188297084902 56.90131898560708 -2.2086380516877324 44.10375110572378 -1.6194490207307963 
21.947814578922863 0.014003608611799834 61.649905910370755 -1.4201398814836506 28.51329610501777 -1.0490198387581366 16.52916189750551 -4.546721894577487 32.93697350156787 -3.5352984202126927 93.05961386165282 -2.4793809162480938 17.220135227599343 1.0810658478358324 39.70726390458472 -1.3736430387865748 82.77225517603196 -2.437253992868262 11.764814156552353 -3.069528565000054 57.26409764228777 -1.928289715545259 45.09721249036181 -2.4676473477358662 
21.95092214680362 -0.12052269519376624 63.914416114911475 -1.0328446742719368 27.863961101701136 0.326940865946562 16.330256460762726 -3.923436761818569 32.5066281109568 -3.375059236913743 91.85050377979788 -2.652769023882194 17.22042473289415 2.13723211063432 37.9996226547807 -0.14192519096491318 82.70175494609506 -3.135069761312112 12.151374283628916 -1.6113824748272165 56.59714564484509 -1.5449659508749334 42.62099277448765 -3.370674692128566 
20.843078637822142 -0.7221691346725867 63.45960103950044 -1.6826136523123478 27.967152246792754 -0.8142257923213913 16.47829828345461 -4.444294655085726 32.59379281021793 -3.7411552690806094 93.61990142607533 -2.393777315785239 15.760177830060714 2.1256190320825423 37.70588360343496 -1.2630791915248911 83.6404527248731 -3.0463340539476107 12.30424250731998 -2.7135028279381097 58.185805838767266 -2.937771514673483 45.121189629668855 -3.2363591841679984 
18.866213409453405 0.013255591601552374 63.656373582267925 -1.826989485496912 27.269767504570623 -0.22789372239456684 18.348179633435688 -3.986411946264144 34.282264742789096 -2.2616419672584374 92.43199222829911 -2.3225930133963413 17.005933375789724 1.8101442102162253 37.87625338257802 -1.1644998892221508 84.74058637058467 -2.4618365759737757 12.737811330273269 -1.7141544569852885 57.68014373712553 -2.5807724307484565 45.49584953981777 -2.2110660550794186 
19.6824864743896 -1.1100336137040034 63.85206562419097 -2.6779427713044663 26.27670323569547 -1.8311840492907097 18.539819564033298 -3.698899860283655 35.478400277258075 -3.7386877379337644 92.17997910434357 -2.1599931476201477 17.62312874476566 1.63557772532363 37.426767412249234 -1.8262883980572535 86.08201502787529 -3.422415435735559 13.156236303171752 -2.4220529874831622 57.16162548476292 -1.9275197430603765 45.16163241559896 -2.0972684458042403 
19.09655751962308 0.022095621442579372 64.18143572289581 -1.42716191846181 25.62876547533195 -0.7272343085362578 20.552567840861045 -4.521399482448485 35.18840593609466 -3.056662534628717 93.57563991535501 -1.6310722155046928 15.317088620762725 1.7659874160429758 37.1083442517534 -0.7712508451201024 85.78339057076278 -2.1052520200841607 15.229458797845215 -1.7269115397299293 58.015970237601145 -1.0985029897227432 45.77667448596419 -2.899877371532315 
17.790614902782316 -0.8004693133618473 63.78538835595753 -1.369235270042597 26.257022166916606 0.45952380919395297 18.67824339641411 -3.138862652931531 36.03510871088375 -2.4905041464683033 93.99622664173975 -0.3510494330105578 16.774194787209346 1.6434926341517448 37.3602786344038 -0.6262556995645459 84.79592577696529 -1.4756237660214284 13.455528219556005 -2.565316657989168 57.28662040462641 -1.4228029166914105 46.67326941037151 -3.2891289446931236 
17.71549670334519 -0.8028386813381806 63.67063637933051 -2.067007745116565 26.9798928016135 -0.43822133764636206 18.881658652300782 -3.9294245780201806 35.49754438269187 -3.1867576723575692 93.7815778372183 -2.586431641553874 17.399983006836788 1.7868271011492056 36.43268076428636 -1.8161635446578124 86.83397523652829 -1.5954837661734427 13.410970526440712 -2.7887030292475727 59.083292455102644 -2.0507507297472287 46.8574768870272 -2.5298851644498526 
17.658375930396847 -1.7688379180945546 64.01116267351044 -3.206574260756981 26.249456402098513 -1.1952029903285475 17.966095114147862 -4.14329324483931 37.14980995305556 -4.167207024579657 93.61686109425263 -2.9517769615210936 16.926173701169468 2.047982795237453 37.558054053541944 -1.2282269049324936 86.36574409883954 -3.8233477453898574 14.448643111602463 -2.3067060403015134 57.55650082136963 -3.2001598737889774 46.30564715739756 -3.299776924352009 
17.528790738204528 -0.8053131125099995 65.10209828807567 -2.6485916034431374 25.129304317506477 -2.118458286474222 19.62087955220768 -4.741979333409506 38.13441481399099 -4.333094905426181 94.34015711792235 -3.02054947779304 16.172883234229108 1.9237428511165757 38.24472386295368 -2.07104237298774 86.85083510533464 -3.723517914036733 15.6400061378632 -3.633384839081232 58.463415581491375 -2.577329103495669 47.57362760838429 -3.3060450248444924 
18.54786578432756 -1.7285865966559806 64.9897100182046 -2.724223950105003 26.205542784925143 -2.4207080482753014 19.18662555224136 -3.7456406032559846 37.379420820822816 -3.8770595977661895 94.31168705661884 -2.7492603011051675 17.811060388354814 1.8100737908458102 37.880728799552614 -2.7878067991217153 88.2279414624007 -2.3431221776396924 15.070366164422905 -2.8514522632739925 58.522132102654616 -2.7539324318732934 49.07744067858112 -3.5759141632003573 
16.8535062797729 -1.7831098793453477 67.10706942511813 -1.8782722302975308 25.573425938882437 -0.9848691949801749 20.01071531360561 -2.597049889847548 37.118929467405366 -2.910232174652137 96.04053589346223 -2.1444144520210293 15.167766072146184 1.9384478595771153 37.054542425133455 -2.4185521268089025 87.73653616006314 -2.833584902242813 17.06423174362555 -1.6422213028240544 59.519923704719645 -2.5217302632374645 49.42073941263185 -2.3108913462284635 
18.467399847839893 -1.6051543763036087 64.53522769064837 -2.812280876744761 24.560595185661185 -1.3956709940178413 19.069761525649202 -4.562512272518741 39.46880964237842 -3.02940880139553 96.17408184277926 -1.8032386067136403 16.59169626512994 -4.3011281349642045 36.5787250285108 -1.4002178585947058 87.65591472690014 -3.3436845448569232 18.11374822785489 -2.560649890332028 59.96030538476102 -1.8326148764934562 49.34909077540944 -2.317027448688206 
17.080136754281842 -0.5539427754777466 66.5013850833438 -0.3198293687437672 24.1872123327071 -0.25822218317074186 20.219690597658786 -3.1719953654390243 39.711037129946504 -2.236820689663728 95.18947446706807 -1.141250561576535 17.702822301582433 -3.7823703892414353 37.43451616196393 -0.539246653154667 89.18808273756368 -1.5156818410463593 18.897322775666847 -1.6386418723860323 59.900494109483716 -1.5899826020709606 50.458449857664434 -2.311256982537262 
18.68796336787662 -0.2848461530071796 66.96954155061589 -1.0334359165539202 24.414866333950034 0.10415418957516426 21.748824664093892 -3.671022729671849 40.48405224275608 -2.6547062554780823 96.53119924754014 -1.0817157981038217 17.514653684517867 -3.368679547312101 37.59475077719541 -0.050121305212506795 89.77013660987511 -1.9115976114798006 18.15740878243358 -1.2727702205819889 59.00524483665818 -1.96997072066157 51.71588616235066 -0.8134233069321597 
17.660390771328824 -0.7865670888190655 66.1073005242384 -1.1429071094365928 23.50304866289685 -1.244859784743444 21.785168764946743 -3.971767153080121 39.217860775593095 -2.9362354021313877 96.49404716097868 -1.2363425175835412 18.367355271099076 -3.8937804881272635 38.320399656842206 -0.22439618222014435 88.59807665616955 -1.5190771507825178 17.37478193192833 -2.2571240541635134 60.853192776892 -1.1906628489296218 50.451647712750336 -2.073414093920291 
15.751133647848215 -0.25349167927097915 65.4248528645343 -1.245831546626403 22.323209536108585 -0.7958625993317582 21.531524687471723 -3.772449273825542 40.66247397172847 -1.8554624041264463 94.50262399427987 -1.9255711156444308 19.01439092353814 -4.421101552117664 36.17552787536127 -0.40285498261639285 90.61137209657866 -2.4827813446882754 18.84716156726191 -2.1380818952735425 59.06886467350619 -0.7089124364284796 51.06862088379099 -2.7810348570105283 
17.393873274786486 -1.3855375990973533 67.09784764769104 -3.218653467816514 20.921500055215905 -2.701933865536035 24.615908754948716 -4.60096908473064 41.368696711091786 -4.2228955564484565 95.73959896005302 -2.706904201832269 19.01219433399425 -4.415409525555028 36.412844071870296 -1.965796470546148 90.66048622734039 -3.6728201355628847 19.433349004439222 -2.8723315689576823 60.388611219793674 -2.5338073153914276 52.49763605139449 -4.492559813152265 
17.060131449542208 -2.254813920999236 67.05247997820915 -2.601327473317569 22.331091145248465 -1.9177538725127588 21.721687422272904 -5.105157030015435 41.07607391732085 -4.616681331158277 96.69886701683667 -2.62159143104312 19.505130446148232 -4.642808332020301 37.40393370986549 -2.7884033258764727 90.4230462710758 -3.8130841016599075 19.321294101940833 -3.8255590888212545 59.730137164569996 -3.3658120461714858 53.69297052546958 -2.976044763333492 
16.97755833112092 -1.2658982905326712 67.18842970706444 -2.302216099086564 21.050491063298146 -0.8390477108149215 21.764539803693197 -4.956611297691082 42.02405309596738 -3.54674626855981 97.78358977233538 -2.7420852882844486 17.534017056892843 -4.445026232279988 35.96276624309349 -1.5232171498158704 91.98131013444247 -3.5693909202574097 21.410878349834874 -2.3033005658910097 62.251703765251115 -2.860009151377678 52.425081401468844 -2.518629183262475 
17.40497975036528 -0.4483339783632687 66.96836950211231 -1.7113500126067298 21.920118139278372 -1.0716707329793431 23.169334023166137 -3.571328657419168 42.632947425866675 -3.3206149099375604 96.65510202492554 -2.5042558574525966 18.01950587857367 -4.371970013506327 37.754978100337546 -2.4220435710052897 91.2749635887604 -2.5149992563496357 21.078821957968053 -3.058883891458932 61.18070171387001 -2.8205120306902853 52.844092822021864 -1.8282874730337344 
17.80340892952828 -2.0412095399192336 67.75848255838535 -2.6371556792495365 21.117855608458253 -1.5783530270808357 22.80874583402448 -4.564630592302589 42.94745956360891 -2.8339484047484484 97.8714419827033 -2.359913183769893 18.651362609074628 -4.427817602707565 37.61229379019454 -1.6935349550576508 93.61170530096614 -3.409818284800557 20.51004101576411 -3.062825838685621 62.411063968877095 -1.4172464053177563 52.50938390842784 -3.145791400528964 
15.407155653256167 -1.2161955535906912 68.97325099073701 -2.4063771856298004 22.29942942815491 -0.7278179368128541 24.26242672395213 -4.782401614898133 44.32391256387569 -3.35206460401684 97.19772543773423 -3.0111708818347007 19.96145638461337 -4.17791161357152 38.27213834069886 -2.391403029807171 95.00827531375987 -3.942785710659025 22.58937611024496 -3.853957625739122 64.36372619346606 -2.7200888168849326 54.86336979570875 -3.5624986113555774 
17.26586349542925 -1.6514208647035977 69.45960187638974 -2.7598457497254523 20.665628470374056 -1.0788234860066361 24.328735037261648 -4.716364080849181 42.97852644814707 -3.535286873162468 98.43270920803648 -4.015645302587412 19.230785148874254 -4.438722215048453 37.53618396912534 -1.6509933359641835 93.37883048427791 -3.2849585412150475 21.619429777173806 -3.608904914860555 61.173891499286924 -2.5480024152092375 55.23188045728474 -3.4362487795182153 
16.349605011713642 -2.0616308775452388 70.82341649983825 -3.18475361986247 22.353144636510063 -1.6653370474170628 25.39533535010966 -4.085005746081236 45.36699550412926 -4.1568946718841 98.99684366808837 -2.218630304833545 19.37090894107209 -4.262399719053076 38.7011173495519 -2.4506851455419754 95.13895359712029 -3.6284187283770573 23.347392280007604 -3.240441963629995 63.24717109908712 -2.770151191935879 55.31129673143637 -3.315941514086646 
17.425630485220918 -1.6320542300485883 69.70729771400852 -2.68560206224341 20.770222789308477 -1.2397780135594396 24.08254859550013 -3.6163365557389833 44.82747026970326 -3.0636845804121062 99.06780149732003 -2.5161183157782165 18.240433059624653 -5.086679728925008 37.92645962433301 -2.602383845871722 94.07032613066528 -3.57574668027046 23.224595495765115 -3.7307187334932665 62.54278263195061 -2.9999149105275196 55.9028783022381 -2.2436841659734075 
17.125620593605476 -1.612085794313915 70.34678178967134 -2.5701045027936438 21.979572302711308 -2.3361875565556796 24.468173476823114 -4.831144934811718 45.62706466851397 -3.4821749514267673 98.87590861967874 -2.406139554733592 19.133911005439582 -3.9935443613877806 38.27248633902806 -3.1427670751759926 95.12986774916398 -3.576397618978491 23.279402597605554 -3.3423366020485856 63.24855624040487 -3.4522211664276403 55.84915208013888 -3.110384179555362 
17.08411065078497 -1.4635886198877344 70.82872470827438 -1.6728179687890243 22.058928146943842 -1.3903992952323252 24.56274087817375 -4.225632868083146 45.36918300202719 -3.88772404206543 99.77395100537134 -3.279207180671766 19.083349088191436 -4.656241307508711 37.62389788700493 -2.0519901967851997 95.53529063369331 -2.805222189262464 22.85287126626794 -3.5348986574141295 63.7971228098737 -2.8129519210081 56.81168969288546 -3.4949697184275035 
17.424743950280398 -2.221134218491076 70.02234810926394 -3.0239660376004687 22.449869425700665 -2.776866273918631 23.52397865137643 -4.497829853371881 45.984510834991774 -3.3936545046690374 101.77826124872546 -2.8709767961433545 17.931019294742175 -4.496544209130393 38.49884336303731 -1.7741753781072438 94.99162484790334 -3.965739518536735 22.608767718873892 -4.304024366982261 63.71780761804529 -2.5701502217206937 57.82880845392884 -4.064961376537604 
18.341657652026978 -1.698945449966236 71.28818923611686 -2.7074494411384977 22.511107009434106 -0.5788502787428282 24.880033444256817 -3.077082208896863 46.36394437321296 -2.9147819183337593 99.84939919876288 -0.963865372078093 19.782010503679555 -4.024116835878565 39.59062180262777 -0.7426329964161008 96.99633104694433 -3.0146485083089716 24.419429979826244 -3.226706690631076 65.36832479263884 -1.1896512256166578 56.69288451312321 -3.1535748697168717 
16.745713073860337 -2.0332419023969734 70.43252399642945 -2.0811823726819396 22.35434136782791 -1.5574412375918185 24.559816525626868 -4.01571689239027 45.513183919877605 -2.9085649367844426 101.15790181027937 -1.6671930633000613 18.173230885986754 -4.529360438319433 39.95650797975324 -2.3469471491952927 96.80797972379432 -3.2458108009877575 23.751352598699327 -2.8573456049024797 64.49173389352745 -1.3174210795432062 58.679650959170736 -2.634411276149676 
17.0226532045216 -1.108958616223493 71.80617959821433 -1.9453978930750544 22.18682030708844 -0.09298655144168766 24.470628234381753 -4.017378206897034 46.29272345368934 -2.45637233537074 101.45601942969064 -2.151006291438207 20.118640961480477 -3.524612319781173 37.581514776370184 -1.9939596506933692 96.67139935587265 -3.3624997681341804 24.33353207033464 -1.7924733483857287 64.77199479079806 -1.5770065249742586 56.79084512235425 -2.43968132506501 
16.566576834245176 -2.924057159522917 72.49131546761224 -3.2312863677117707 23.073650197711377 -2.864851430925679 26.35874563634636 -4.957972036222749 46.762847473180535 -4.122033821944858 103.31646469537152 -4.3637392213758375 20.560346245865137 -4.737336682884527 39.190935945038675 -3.13380711434029 95.89767043810001 -3.4774398118110064 25.13158673061064 -3.246554099271888 66.02763430216694 -2.1229527783863746 58.91348485916707 -4.6587079690938165 
18.054228551491278 -1.761929974557346 72.54391980123636 -2.699773835647646 22.275866844189157 -2.0792137630335565 24.929272256294677 -3.896310945550434 47.42109126156156 -4.388789632787227 102.53652154918242 -3.700153982852375 19.69544407897873 -5.157003633061779 39.8360291965664 -2.692935767385148 97.81793494209774 -3.465495010214159 27.383158796128725 -2.599460542016997 66.1703699938354 -3.003990839652068 57.87079414334264 -4.670792443175607 
17.97690742457448 3.056549120491712 73.5340825879856 1.4228537463378106 22.65287581495829 2.343452917557875 24.265379991546176 0.10229431587407772 46.25739723445005 0.5485122769650321 103.06418670998755 1.630439194573304 20.189720897118107 0.9047417461691164 40.49581225166694 2.1218039112254177 98.44333172768475 1.3500738990815406 27.16275344010243 1.0806678023236052 66.5356990124311 1.939621614517685 60.126712413575255 1.2779304227888868 
19.722061252896072 2.7410149850318626 73.63970021728754 2.5821356640946806 21.66510909810611 3.428586983062044 24.161717480703807 -0.00804675999370108 47.74397407145309 0.482038862827866 102.65118887310338 2.8664720097518788 17.96928541517175 0.11745315765491987 41.580751822215646 2.609203982203135 97.77426177800957 2.098832449384715 26.572920635571254 1.2452503822886378 68.29432960267214 1.8010027435020501 58.67401867858075 1.97242412199462 
20.601134104413983 2.5135592532810027 73.5993559633038 1.2992687495215989 24.342953169363007 2.1424536832638634 24.52070390270691 0.3929893967820471 46.10317712530043 0.15082777612843618 102.9151597489671 1.4723169373503695 18.020163621427987 0.2971875237280278 42.313617117388944 3.087930850691799 97.94196934085093 0.5691833502336345 27.11755519513025 1.5518084853938259 67.35104123984053 1.3578868238387476 58.53190023553988 0.6608980838901486 
20.91123332778389 2.428587727883237 73.2926379834817 1.8603803122881568 24.216659221086932 2.8402015283065007 24.488795263265803 -0.12529002231407538 47.224164148532715 1.439203861500993 103.19541118384176 2.04591621560129 17.30846479253793 0.3493772169214526 41.41695533981407 2.860989065365443 97.28860706105797 1.2194343886618726 26.99180015534523 1.334415686448322 67.48596370383709 1.6281883474034968 58.92247818208578 1.3240744179722495 
21.601732069146575 -3.005110414369894 74.47343416505578 -2.6174693479930506 25.461571818873423 -1.6366985270662229 23.653895162712637 -3.4146095620556713 47.27073636979104 -2.613714143006555 103.61537618887998 -2.7108316125860856 16.63459631122812 -5.036564583594651 43.323929277827624 -1.702463074614459 99.72297547267593 -3.2933029886677976 26.787305393520505 -2.8530900593747255 67.3730445737832 -2.7004796111382805 59.96339753772071 -3.4799293420847883 
21.473916456790754 -2.8795086288229377 74.99991601499039 -3.3876113110512907 24.906746414508316 -1.6470448545540717 24.206546123334135 -4.491769522302074 46.54805427251912 -4.501773512934968 106.21165954141158 -3.461337320905966 18.040622415796566 -4.901442565523242 42.50733326362016 -2.5654670158805977 98.62539219155363 -2.9126649876907007 26.982275386475365 -3.4977208685601413 68.62743124675775 -2.716514238838021 59.87555057105522 -4.078973613513048 
20.610805382060295 -1.3697955262705155 74.4570816751428 -2.478239319552649 25.824980189177527 -1.3464727030102477 24.817885348677223 -2.810371193117379 48.4707870695894 -2.8749279711165507 104.80979421315092 -1.2870108101846363 18.96208481211175 -2.933616443492613 43.10919966971283 -1.716544697913693 99.4917549614415 -2.259720550774771 27.33193526543237 -2.3454894991449726 69.20865374425864 -2.2140786081985397 60.271510452007526 -1.966890925835274 
20.592015974878798 -0.765826833739135 76.0759115864815 -1.3954755615733927 24.384598057551727 -0.29455134079703693 24.214021206031024 -3.0248389742140795 48.41808477732947 -1.7059404854229285 104.72072361408547 -0.6965934432078233 19.397063474444987 -2.75096314062496 43.62049182601584 -0.9308800591435866 99.13386606631556 -1.0866400788282566 28.240082874853204 -1.7857472078167251 68.12057753417521 -1.0139273158769906 58.63183454367601 -1.6842356584256408 
20.560560068748455 -1.106697996582754 75.58269962615064 -1.8604273102708975 25.85783147999658 -0.6790743086643134 25.65611523663459 -2.5396252822058196 47.91290305544522 -2.6007111027913195 104.76946020791293 -1.7706678984288284 20.107031704816457 -3.2203855262144145 43.85036205523161 -0.49362686987544313 100.25489551634556 -3.1174099536691635 27.091953188419556 -2.5276930030952043 69.2029570885844 -0.7789631181524796 60.81354856716339 -1.7492334919108294 
21.045773295542983 -0.788358707413461 75.13678450513444 -1.867847062995548 23.754640509936575 -0.3239381933174416 25.68444278230978 -2.5627114008555676 47.278947883333075 -2.8286331506929625 103.5376311707792 -1.4371471158305964 18.631786149871708 -3.219267286609511 41.93800099769053 -1.0044893113029028 100.18359089389784 -2.3899188874631974 28.44944932214873 -1.9787015228991232 69.80202760935215 -1.5738495514365234 60.62058281263756 -2.2546896506297607 
20.520488256570836 -0.34270687388732457 75.23235133269313 -1.836785976281977 22.940894195524706 -0.6808226357085538 25.80521768077948 -2.425174547958153 49.97379170975369 -2.615494708754272 104.80799161804916 -1.6621823084377598 19.80000057202698 -2.881851510353706 43.2464809369904 -1.9280161164665035 99.68925256244526 -1.9612528220871681 28.0849586424568 -2.5443314898188647 68.57137555749314 -0.9252920678360396 60.930302199961545 -2.610965960163228 
21.419720459996498 -0.8955546897044768 75.77735531405835 -3.004469714776362 23.857042504557622 -0.6233735447143354 26.38294204967517 -2.599420140181028 50.15006651828342 -2.8973116981996867 104.64781460578774 -0.5080267488910533 19.53519939006698 -4.082062324220474 42.1513050883492 -0.5136412544856485 99.39177056432845 -2.165962374327769 28.269052194847756 -2.3957221594132894 68.38328987117838 -2.3653321478424623 60.97240801379105 -2.4644005474889963 
20.50192802228023 -0.8562942455911544 76.055509108096 -1.069946179716105 23.899292518729837 -1.1075274717715429 26.501944445573407 -3.3061604144171217 49.60992528714546 -2.264050308431032 105.24314728096672 -1.3261044094079908 21.16728049813266 -4.116679878976672 42.24256696048426 -2.3169413612039964 100.5999103599303 -2.607866555862037 28.984712445022872 -1.7409248848960421 69.22814717975523 -1.9553602592057684 60.77506722069209 -2.42300504556966 
18.40542825151176 -1.1883638881160914 75.25797519916846 -2.068158144188735 23.45504638928888 -0.9872745165770224 27.22354958500167 -2.858241100797509 49.203141226498126 -2.900004040802879 104.99945620166531 -1.6969319297293854 19.632236528152962 -3.630916309973157 41.655386471946976 -2.4335748340590273 99.47111762326956 -2.488612771048107 28.62258199309023 -2.749120679261975 69.26892290946475 -2.787689889101596 62.424028666346594 -1.4804544697523254 
19.49999464748099 -1.675783758275459 74.78538344414828 -0.9239892166617001 22.97449038204296 -0.3268348462371887 27.59767537557226 -3.281123703154779 49.485397236143726 -2.650312068848997 104.08686017409222 -1.5032401916058005 21.338910386912918 -3.92873100969729 42.01003143609276 -1.023077997277834 100.78154841385947 -2.1292602974773773 29.02802201984098 -1.4931054371390173 69.2492790702409 -1.414907224922298 61.74240887003466 -1.5184594041601662 
20.908234732779476 0.47183391966487254 75.07907382208072 -0.4482682637228347 24.00114560515528 -0.4823721298850776 26.730252530162165 -2.5619021493974237 50.77504804662549 -2.0826762740349367 104.79950016632564 -1.6033610332356572 21.667328501266663 -2.683138310997452 40.53419669534114 -1.6129963692264018 101.07829271900326 -1.7393462120954877 28.82892099184572 -2.7040738233653894 68.13261167849763 -1.4866329423044722 60.70560302979431 -1.4079660354216381 
20.359145867205747 1.7900740682248362 75.06930307608269 2.2379710625539584 22.04842415948798 2.613405253846953 28.99262885275038 0.8289474000708529 50.591515197956255 1.1205147573773133 104.20069747009305 0.8321695919024911 22.95171220539572 -0.21262262255882663 41.30859571968864 2.880567984645824 101.93360243294731 0.8744104869009032 29.43008542585215 0.5790232747518878 69.46445063818909 1.38980376788941 62.67301566054077 0.8885064100191155 
20.00436123410798 -1.74867763338136 76.3910541637699 -2.121586173043827 22.752671743053426 -1.1980805714691105 27.70954737989127 -3.435815575271878 51.71131342482375 -4.075131408936274 104.66459156945632 -1.6125079562017217 22.3162698470581 -4.274664026509636 41.40757518041054 -2.1322228978419493 101.71154354231851 -2.242894521129261 28.582148970671962 -2.6246615703043066 69.38062913602349 -2.721334888152889 61.70813551256278 -2.7899910059210744 
18.964773487594822 -1.3581283031513638 75.13176979823066 -2.994321878733475 22.280672941378327 -1.4889719489083946 27.48169757377842 -3.9199514482820645 50.935400520356694 -3.4044427070066354 104.87880013758613 -2.1368541962346024 22.621032995261707 -3.5486895098034923 40.692970798146284 -2.290004347887317 101.18180661284973 -2.3747328438534936 28.25508896079777 -3.642839870822172 69.30991493623416 -3.4946828897444266 61.18524055156268 -3.9896287585177146 
20.09405690964511 1.7306622230079314 73.73123703287096 2.5233536007735506 23.589238763369487 1.3474185608638014 28.43963213305228 1.457509199277067 50.56339249952509 0.6117162553423869 106.23469712040675 1.739443439807593 20.59391383166272 1.0339817038497074 42.26321702485942 1.8161854332984997 101.02626384272548 1.656338322737367 29.4890530030904 1.57340632164847 69.648739927655 1.1489665036091843 61.73458936065979 1.068611283832655 
20.55064444051313 -3.1126288699157088 75.09802300877192 -2.5805781551035496 24.573046245922363 -3.2642277542562117 27.40493428272448 -4.550609158812711 51.36908733805682 -3.75662462312509 106.52748171814049 -3.416545094206714 20.06695247328341 -5.658094495357822 42.5090174906055 -2.028453251090943 100.5514531369483 -3.8846031632577027 29.09489143195735 -3.906905273466486 68.31452253817018 -3.329033930791772 61.68431246576559 -4.187009871661489 
18.97293683463196 -2.3619398906953712 75.88943454634749 -3.4191784958029348 24.272274845893886 -2.1932930853133055 27.667717567727443 -4.92260531665464 50.950587710051614 -4.421504810217163 105.78285705386965 -2.78148831377251 20.706297614355506 -4.384738855039729 42.17960974548137 -3.5466365570843936 102.00023401372852 -4.105296732112586 29.27634445138023 -3.4775526727692276 69.51118561622643 -3.5927331603059476 63.10139375536286 -3.6050306206482903 
21.11049264674734 -2.4880149472964823 77.95780452313844 -3.2101944444812993 24.894412559832368 -2.1576711147753533 28.851608210303944 -4.141424937773496 51.4210324338228 -4.127652383106444 107.10531527194169 -2.8331976193960973 20.493089241274934 -5.229094675172281 44.56513472401055 -2.2649151567335983 101.92410862520838 -3.025286121469682 31.48990663170293 -4.445560757785357 70.77177134596936 -1.5175940595223556 63.433443076959705 -3.837666385524027 
22.418788258569364 -0.929508533440496 77.48481045614696 -1.2347900707435449 25.178418343818997 -0.07917282437666007 27.51139970602095 -2.5220912968662876 51.88883914879148 -2.5118549500820233 106.90658977222863 -2.0707052156114485 20.59327366324722 -2.2659031726267607 43.86071784398979 -1.706458154407515 101.32392106878828 -2.079172075760097 30.42835522359212 -2.576596155003962 71.51018316650135 -2.225336229234534 63.70899740682513 -2.7298531366347354 
22.33850579684974 -0.7789990234074063 78.42401611742733 -0.4217463287680929 23.87087102050949 -1.246093467111161 28.39879760034842 -2.207474715460533 51.06227393283788 -2.644044870482967 106.57416135174866 -0.6477794864352359 20.42233951963354 -3.5938232361116693 42.93051516686599 -1.2599191051316145 103.19527862527738 -2.7591732748104376 30.254748505811786 -1.7731653851975862 70.7278423334471 -2.7171480196878193 62.75545364942026 -2.230857364313586 
21.20718729817197 -0.2250969319130835 77.44683516070627 -1.7701332825189577 23.396816635153883 -0.6223443088080461 29.495699633590803 -2.3371239287523227 51.53617883565212 -2.6198364451756113 107.17991569306807 -1.4348009945476115 21.520881789275442 -2.6455366743844757 42.50011867765166 -0.503438775748203 102.19560260629486 -1.5547817923407206 30.093716196335187 -1.2489656014028006 70.70924156692297 -1.202214450844048 64.19716805637196 -1.5242707493162175 
20.259102828612043 -0.6136914817691209 76.75356893526718 -0.6601666710806886 24.229505474411177 0.2715509378931428 29.696560190239328 -1.2520925099623827 52.798051226253214 -1.6253763359866626 105.97685970098013 -1.0874343664891821 20.814344925677474 -3.042575074172794 43.800053958332526 -1.2018670350002234 102.57862655444482 -1.5704890595010834 30.785163301314597 -1.4650895696413961 70.99189497290598 -0.8445134213501235 64.323223475441 -1.022096043475481 
20.21446665607195 -1.4775801550994396 76.74562303087193 -0.48326206575419295 23.416344082628516 -1.0322635541036556 30.586263566213223 -1.1882061960091743 53.08293406589461 -1.5498557895886451 105.86775136108878 -1.276283554440616 22.632929333659217 -1.986881636821993 43.43147150251134 0.49369064188009093 103.62324908294099 -1.0191768867934927 31.91593699349857 -1.061886101676604 71.73589962726334 -0.13999714163790788 64.8409674026747 -1.235366537231924 
20.401369898406788 -0.5368614265383884 77.54511762748433 -0.6523546176573122 23.645734443720826 0.23350012254857141 28.748554102531383 -1.945402477582081 52.690446161066376 -1.4284458503708095 106.07784972561477 -0.2235307671003171 23.025712203027947 -1.729011435433847 43.98684513790291 -0.28574924965761794 100.8250845676166 -0.49852204651062737 30.5114954721427 -0.9825659584717981 69.55457638542522 -0.4997429612016345 63.478265079576495 -0.6269921206658331 
18.976633682222236 -1.353476831836629 75.71117627026179 -0.4085436948314469 23.030748284467457 -0.5925317557555272 30.04995875619641 -1.363061411814594 51.436390304197765 -1.7021277033871898 105.31678601517564 -1.1177371662674775 22.89716437032202 -2.397890523438395 40.95933396304293 -0.21132669627494582 104.08942240935323 -1.2646576710832824 30.33781897260372 -2.1130680361713674 71.0306671739996 -1.404195720219004 64.29187909816147 -2.80305694605403 
18.35219118398957 -0.9395864208979643 77.15180027265743 -0.30182355961966767 20.278855294058488 -0.14968056707701782 30.14630975461032 -1.8424256989942196 52.1940989212993 -2.4837790297554534 104.64288323022501 -1.789542107926212 23.591918784613814 -2.7271786605799386 40.78676889640042 -0.14804127383008586 104.36076539927453 -1.6936509762597616 31.224622329703404 -2.629415456947164 70.771456766347 -0.6335803360166332 64.41020940058364 -1.8817709278898094 
18.876844636545744 -1.1617730919590896 75.63248841874388 -0.8154122412329282 20.780529581217472 -0.6908275687515653 30.49187477600481 -2.3277962151236125 52.38223116819976 -1.5765975477481793 103.41704033607157 -1.8072924399820172 23.301407006265705 -2.368831426930889 40.40708355936709 -0.7731306422057485 101.89483358771615 -1.249870592900708 30.373257457691846 -1.7263940474738921 70.43138464923003 -0.6163432536755432 63.87409043091755 -1.8801177373578442 
19.31857786552058 -0.6728355751998971 74.95974078966486 -1.282740403180342 21.305658807524527 -0.15649055689118097 30.75999011417211 -2.509894621832832 53.46272309267021 -2.1174424438959267 105.32292342669732 -0.7483728770092081 23.020346048983786 -2.3437295489781285 39.9244058998848 -0.29104161874600515 103.72670794690727 -2.0944791732399604 30.50061673655706 -1.0230106539699646 69.74242315692968 -0.3780238155833927 63.313718916382264 -2.8574525129098554 
19.318899575385416 -0.9557173369124138 77.0806756497113 -1.1274968025520344 21.781921423129877 -0.5240933895386098 30.90673786938293 -2.478337978044841 53.07758948159054 -1.0033357576658402 105.99624246881041 -0.8688160835685924 23.413434171683086 -2.2561538194317725 39.78181402388229 -0.38190253750279907 102.3385930718523 -0.8521039203626558 29.013337405049445 -0.7490320115218607 70.0669467167036 -0.8210582947159337 63.311748053422605 -1.427782488256379 
17.742560731437017 -0.5191801115761119 75.79054721167807 -2.0369222817936192 21.589051542145757 -0.537322212372234 29.514003474583795 -2.283285355950439 52.979224812567985 -1.622673720335492 104.99852271608209 -0.4477416409279854 24.070154203403117 -2.8591234193940434 40.92210647558461 -0.7065672386132426 103.43671423793396 -2.4879476338103457 31.03910299067624 -1.4629262554681248 67.92305581447458 -1.531402533600506 63.795714641134346 -1.043520582907321 
18.098712754630522 -0.3437950719549895 74.64033074889299 -0.862761512063884 20.59247779658399 -1.7609115543292102 30.613952293130595 -1.9905002528172862 53.816913599481175 -2.4004547106408323 105.25362641443094 -0.7801467414526496 23.245321875989255 -2.2916471663629685 40.82814403595659 -0.8234007023800659 101.94137173938735 -2.000579741826617 31.30357346025396 -2.628527053313158 69.87755688664937 -1.0788105853094843 64.81448069921258 -1.7189760944432835 
20.081742360132484 -1.3512564721247333 75.39897348838896 -0.7638618173829382 20.85712037942288 -0.8763190830454997 30.77012124302487 -1.5514634914003984 52.140308287997904 -1.9628441380756163 104.54448263605205 -1.4370328490378872 23.256854463821067 -2.979298999137196 40.19001924980001 -0.7086140056648832 102.53404822330046 -2.4469808615423037 30.302137257730703 -1.1323502564150711 69.10353858994034 -1.825395104646293 64.05897510808538 -1.654240867396838 
17.594619613187504 -0.6201669658608907 74.00429573237166 -1.0733090730880945 18.341842406667574 -0.022208812017213087 31.195695447201643 -2.29649862040882 53.11132617647796 -1.5333672268686511 103.86205261562334 -1.7418893603741745 25.172086788541776 -2.7906583165359033 39.686093008739384 -0.40836716788038274 102.46547858772432 -2.0720920137421968 30.186782957725335 -1.89779174525601 68.44254764668882 -0.553966731544592 64.63759818043725 -1.2341914046565579 
16.573919804379 -0.1970333710364527 73.9896183626685 -0.5865295134211699 18.975317031166835 1.0472217071804957 31.715062679329865 -1.6049814781213045 53.43670760760794 -0.5804597785058642 103.78437860560851 -1.1409470955919576 24.777989790696832 -2.596287169755402 38.60088636965531 0.37250944264330926 103.28267215862718 -0.43247640361908996 31.142964905137656 -1.4447907408000384 67.86716971239137 0.1933695208714445 64.0605781138229 -0.01310106584486248 
15.360112102723077 -1.7248441314271292 72.8667557088364 -1.9334445286010025 18.493718421547232 -1.0912568805956036 31.953930131292342 -3.4237361924388146 53.282601068393745 -3.2963364514089784 102.88676259446818 -0.9375009075244722 25.734031891284758 -2.1149966013664514 37.053985874633526 -0.42684673422204433 101.20281974303343 -1.688328101930804 30.547626335274575 -2.559162744671476 66.99510468084635 -2.3800327688005143 63.15631238453717 -2.794065433230032 
16.95016299245011 -0.6850425390467053 73.3223157499309 -0.7479226919182591 16.618539513095463 -0.8430925591887725 32.66189882640978 -2.9589044371950903 53.24855683788973 -1.711264439360618 101.71627769247021 -0.48127658779927496 26.929909551769843 -3.0062568458552676 38.58446077925517 -1.3217761197298572 103.1532333164773 -2.279852273212579 29.647662234741137 -1.5902902242863328 67.79132512164297 -1.6512142948896884 64.06344366468419 -1.5969100381710344 
15.609892002311387 -0.8261324778678054 73.4414218541806 -0.9656401045968318 17.45796428041421 -1.594686099518821 33.819439571212165 -2.600354522195164 54.412353162752694 -1.8232244088791458 102.88898830038255 -1.3649019204164392 29.038861174707606 -3.2269095641387295 37.54402161812191 -0.9365440695935312 102.01280130867487 -2.9967085362988044 31.88057113038445 -2.5732415053507807 67.46242224179653 -1.9399131673936925 64.034991302633 -2.150328125094873 
15.13156309620012 -0.9943090929819439 73.74101852458536 -2.4615186432098657 17.85215721909489 -2.1426550438935568 33.649470532945735 -3.459176374296463 55.468878546937795 -3.4044681321509156 103.02069718950449 -1.4944605155870274 29.260351147653385 -3.7773269439229837 38.22143176657566 -0.3016710752328542 103.13351146474659 -2.6420437396680625 31.567120626227364 -2.7506472924609993 66.71341982396865 -1.2519468294167249 64.0230489447067 -2.4625166277647943 
15.684057154194868 1.6506598252990834 72.15787783950907 0.9380106903985254 16.11562853291857 1.2057647374155436 35.65584996499386 -1.3247478286275447 54.89853937833375 -0.1224826531944701 101.93740203812648 0.009331196793727958 27.374700758444074 -1.2185651055549989 34.96409983998118 1.5159470960544281 101.82215442768194 0.7859505433333027 32.19014642617125 0.13074354905458457 66.85337600815342 0.42085311291862837 64.10222987836222 -0.025120740104154618 
13.715800694396604 0.8366092740177778 72.9519292782531 1.3898233693876134 16.494030107724267 1.6065375314450216 33.944005152142566 -1.2394342234176086 53.596485822414216 -0.6674249775322691 101.5094512395002 1.2316895016622675 27.149900570167606 -0.7798900924635334 36.81797208705193 0.9020538250235715 102.71148562683663 -0.030578692344183672 29.88232736516129 0.36523108943085925 65.05654566904184 0.4233748538869102 62.735184555356305 -0.3553926825341902 
14.020610594290837 1.4386817947813388 70.4911557516058 1.36041914884761 14.957364270379278 2.4681399246000577 35.10706614285344 -0.804234453053442 53.01493614848246 -0.17289505384232906 101.21367539530388 0.9720748327655334 27.64009590799733 -0.45176060617230684 36.135140861904176 0.8476073633634686 100.81052107578424 -0.19602751699773613 29.74308765472974 0.46153326559601804 65.93951497675742 0.720253076478164 62.257263982001334 -0.0480012263347433 
14.343135952673805 1.574120057631264 71.45269036978677 1.6574295852006573 16.04084221405636 2.696031225437192 32.863044181537695 -0.20855778945641648 51.648923604475755 -0.00026022887066606826 100.3631352157259 1.0085120518151744 26.961864045326656 0.3507714477207816 35.895897731642734 1.5815154146083505 100.53897810889998 0.5981485454733102 29.483029062812975 1.179357893622899 65.83200609996342 1.3520653052490503 60.910648912190304 0.19931547749992745 
13.422293140055329 2.0639084224567306 71.06946603817039 1.0605749597880627 15.387025022530928 3.4887006552636115 30.202488532195495 0.2722260060123407 51.257758603323325 0.13520716585695447 100.51195245934736 2.7564131890145056 27.025551944058193 0.11468682616639919 35.766353592965245 2.331405890782306 99.73989347455405 1.7246448109966162 27.77046608417006 2.699812104841522 65.56672319754168 1.3106725161704287 61.96736369946385 1.8684166263695428 
12.312881321213974 2.0425100893858037 70.4035614721912 1.7001525366220682 16.664820418425283 2.0813626194784383 31.93612989060166 -0.4871665197842575 51.91704744844888 0.2302979414596077 100.25311823994936 1.2423763043459632 26.4151361876106 -0.44862652719804946 35.7860719912076 3.246877655969448 100.72936496448443 0.4030296863309082 28.92167991152634 1.3663333795251162 65.07036639444412 1.597588030629756 61.556288954920966 0.5631935755625719 
15.556448068666763 2.3475811984072745 70.96626928265574 3.613314991639336 16.652846753173463 3.6098478254480213 31.087227200749936 0.3915774544868487 51.30875470369266 -0.4427789125551398 99.6506596609639 1.4029495827372531 24.786452651424124 0.4696492403334926 36.60287827268094 3.3230896495232694 99.75486944457913 2.0253075649334416 28.385237388626376 0.6724212084496264 64.75861549981073 2.2236344892214417 60.57850490248697 2.142543161282716 
13.006681390223909 2.1207332546062054 71.04663121162224 2.23536025971571 17.062202381684152 2.391503306292915 31.96699254459389 0.2769398771006139 51.31496732576577 0.15885530017406246 101.22238996379505 2.8551195833259344 24.728970320613367 -0.4029142075898068 34.8282310896163 2.303883512644618 99.4973929452049 0.9847935864389841 28.193699456606353 1.9260204828744354 66.16864518440335 2.3419756641929874 60.96741695164483 0.49355821240876285 
15.662854550636842 2.432714492720456 72.15220648011879 1.354088999024479 17.71441517718195 2.639561224713516 29.355878628600994 -0.09430761473929028 50.51259276863839 0.2760206389893214 102.3082010753946 1.6134929913603495 24.36335401204193 0.41743452482909127 36.96067923639584 1.4445734195417266 98.99188838992085 0.20595459288492513 27.377544634671555 1.4423065391041978 66.54588698486137 2.7274353667257576 60.570314731042814 0.8411344638914885 
15.748820620059528 2.624390308116152 72.47846655517726 1.5346018483943942 19.07280531003814 2.9964698693540783 30.338999493789615 0.581769370889924 49.963282172597374 1.323432496488991 101.04867539635306 1.5313824555974442 23.129322224977088 0.352780104491973 38.150953152499106 2.5590666046959707 98.5944991254282 1.5977832075160667 27.567125792391877 0.9261948743783779 65.10138724219348 1.3775192037536281 60.65934645951428 -0.042171745508217784 
