62.16857416266044 0.37711929595608157 46.6422845276725 1.6748008248112807 51.49407227548723 -0.8276526038306539 70.51714169310836 -0.7276850673865717 54.64021695253997 -0.3346206655462224 
62.547976459771455 1.0898684068251354 45.77798937608664 1.1976508928862104 50.05224059475511 -0.5880518094452247 68.95119602737415 -0.08743083473886669 54.36644860067773 -0.08010644011363668 
61.73778750876481 0.7438872126112989 45.70903131247669 1.2228248037711233 50.169432045650716 -1.4096623559861419 69.09392029215786 0.1614438479609983 53.775044946558566 0.32131265056811675 
61.13534567544149 0.08549701734050824 45.4345942997031 0.47942421321869744 50.48218698595662 -2.035330426645797 67.95268365639005 -0.007733428905188577 52.71034252414833 -0.2521559795187631 
61.14454011677184 0.7767085375507012 45.76185082589726 0.31653145127807214 50.38629385778207 -1.5562994398381558 68.13165690410668 -1.4375260507492424 52.86155850764971 -0.512623723833544 
61.06578336965889 1.927898074871044 45.39059213935293 1.8033537438845717 49.575347665221905 -0.79697932671489 67.30129218904644 0.6823618417064721 51.64725127307015 0.43757164147583166 
61.31728531962128 2.0202737759443297 45.96733107890598 2.322464250691651 48.82394800729264 -0.23067750526268593 66.82410766292053 0.6411461198933559 51.322464011641046 0.5768337139445858 
60.36970106734562 1.0298019973151762 46.57702105906865 1.2360499350249963 48.875550328742925 -1.0629073113578635 65.71159699448181 -0.24453925363938678 50.97991689341685 0.11529589127756272 
60.87793323808605 1.5832257146279693 46.32116750773774 3.092097032261598 47.87888789777801 -0.07801271654122491 65.38143346323135 0.9860417016087155 49.45046008642171 0.7971852953357255 
60.798096311652195 2.371608900627267 46.08548872291615 2.0847050514052374 48.146005493481255 -0.45133168346483143 65.24973728293101 0.33078749106246286 50.05098038410771 1.231507422309468 
61.11895361679297 1.8462557585579922 46.8261380920805 2.469139536965163 47.328479351566 -0.15635620741278172 64.61316168288828 0.5619330973766505 49.58634111934242 1.0873722616390031 
60.94426945034476 1.6907424187655895 46.80766461094925 2.443310909499005 47.05709991007976 -0.4386942765448842 64.089955556253 0.8925374453665159 49.50535630561361 1.1911250571242329 
61.80260481730644 2.496270708057174 46.862241407646266 1.9490424383118663 46.00738137038152 -0.7259043599510401 64.02812508495742 -0.13714481784503701 48.80626419158853 0.8840842617890857 
61.585061325527924 2.109715474387098 47.8894081458632 3.013548309819318 45.134297421344556 0.09882293792845634 62.936345724865895 1.3119640297751962 47.29997263867866 0.6241673380311865 
61.63176972137264 2.5481338984682 48.22511224347363 2.8779554308268365 45.14326914038663 -0.4591112445338372 62.70940678976464 1.190396831446933 47.46499878387684 1.3470527253904971 
61.97900399173307 1.6839967459394167 48.64355818795104 1.587203358922439 43.59697077507996 -1.3088678595981615 61.79688630000318 0.26047947477285577 47.042636962304705 1.0990386336017437 
62.06332480922319 1.634683147620181 49.00133001033488 1.9210966525839173 43.82954090208912 -0.251639203034277 61.11670597863291 0.34891141660194586 46.771372694158636 1.228083393777994 
61.732233073896985 1.3567684412254648 49.547822683694164 1.926156316541487 43.903054662573766 -1.150782363174168 60.788748262769815 -0.4140442018624809 46.91659291989542 0.17742409166814133 
61.752313050429564 1.8250473870449646 49.18425858541069 1.5930165998309171 43.89702950600855 -1.1212816266037344 61.09597724751017 0.10253963320571785 46.595525161803394 0.5497091312236071 
61.98544685335021 1.3139016751489943 49.49111827081213 1.665802883348504 43.405508236654335 -1.6905213642171018 60.29435521355308 -0.2533739806661214 46.047329265831166 0.05049586703984333 
61.5611463014003 1.897471592367416 49.562203660676595 1.5115807915172685 43.250318477877414 -0.8508729509195515 59.829314002893724 -0.12081696945465648 45.50340758129264 -0.0861244729191531 
61.0833780834543 1.7510607812829806 49.183144362114724 1.822781700880213 43.36627061562264 -0.7819968025708472 58.90212286128639 0.2520504847578877 45.35686564466945 0.3407834408002729 
61.82312388323144 1.772367278786433 49.68919603617422 2.1319310220743093 42.800235183600506 -1.1316398724551244 58.67838842825458 0.4556786047262166 45.27200710440844 0.35625375438999407 
61.35617952440944 2.1152236637289237 49.19660964238038 2.6933632415582562 43.586115961756065 -0.5390516897277332 59.30204043632491 0.43318285316463734 44.834370199970905 -0.05378401206816652 
62.09529680078452 1.993736521210001 50.19362972069616 2.166138804466009 41.77509058730875 -1.4002726253565867 58.17859888439272 0.4716928878577731 44.400390458376194 0.5457927217560526 
60.92453070260079 1.5988474041171974 50.355034729846665 1.0962213437993855 42.33229157181194 -0.9657976145166033 56.82994038129666 -0.47682251359208727 43.68410281195829 -0.23744745714925758 
61.00518820998135 0.8432526028330236 50.31477310031355 1.2806260945534396 41.79649213704225 -1.6199137368352863 57.26996823331632 0.4693028072996843 42.79261942214834 0.126418736997596 
61.134853481019945 1.5591208543773045 50.14430311532968 1.4780946303079385 42.41956539936388 -1.4937458981447744 56.405574407751516 -0.1665970541796789 42.150406955234686 -0.07434266791688 
60.0652770349964 1.03381267204045 49.98281405473915 1.6729127892036257 41.970855297044295 -1.0783337000954254 55.20764067888955 -0.323806995961774 41.070338350246836 0.25694543926997987 
60.34380437960925 1.0360240926332354 49.69856952805579 1.834073344057554 42.29033114183543 -1.1672257161745843 54.981855683293176 0.6946870761870841 40.98339483800453 0.24637837916184613 
60.35409290592071 1.132653032899634 49.89617365166023 1.7996159406252523 42.48043709599035 -1.470672666596299 55.03253121128119 -0.7132909111797329 40.7622640199345 -0.0636493185286926 
60.434199663605 0.9915941007100211 50.39165566586814 1.6327063161295905 41.815389126267036 -2.169478795517924 54.59765408407971 -0.4146987108751124 40.23160471518351 0.33484521377246634 
59.233486614892236 0.05972061625952188 49.49214778636808 0.3792397567370135 42.637255487510416 -2.9903277434275974 53.93689873004945 -1.3984461202507403 38.938488360016585 -1.2381453530684488 
59.14059279320982 0.32601451112425256 49.54339133170116 0.3806099912468241 42.82202767041418 -3.206033313677462 53.89042731529194 -1.42702621370549 39.523830846819145 -1.0198989559132206 
57.82912115232336 -0.8858505640725945 48.11990188596295 -0.23588033124541452 44.45177377779139 -3.2448522293602746 53.32516014841325 -1.695936180355805 39.23674682368565 -1.792009133816179 
57.89348514487817 -0.37736513680099204 47.815540947845456 0.06300326090890881 43.82625140705702 -3.257618894876414 53.58836191793606 -1.3183616625415477 38.72100107327798 -1.1189392624480312 
57.230632741448375 -0.5164948705854167 47.71672352389179 -0.09923478599735983 44.237092639508894 -2.9453515503712477 53.59971951823519 -1.5346204770577818 38.40430142474291 -1.1200430277227182 
57.35117136852478 -0.03610113107422846 46.438704767672455 0.9992381846979195 44.790618932332954 -1.8637050103240225 54.05265756494912 -2.0583864759327275 38.6075362656124 -1.3322457767244653 
56.44101866498754 -0.4212490832295775 46.5111061561324 -0.3387339738665792 45.72398516448693 -3.0032995940813336 53.96918575809305 -2.5203590001626615 39.09014272171004 -1.3952045889857663 
55.19723993892084 -1.2025493225641808 45.287967975317436 -0.45969001239073026 45.98967563933191 -2.7674482096667545 54.1946925788507 -2.0678491859609465 38.1757613545222 -2.5201905835056166 
55.37671370947469 -1.1182760650954224 45.80868759651768 -0.2252728949084226 47.13712605869768 -3.1743008665221026 54.423463069708085 -2.2326664380267527 38.63941924312295 -1.8771642701487206 
55.03054864404017 -0.2998043441894015 44.13509102341382 -0.27375945845192495 47.247634954284536 -2.9489914694857267 54.432563617949214 -2.646460345927979 38.484996477557885 -2.3367425115325697 
53.87964878212387 -1.2443016884382125 43.29438224084751 -0.25447467738713314 48.27007763772852 -3.4532101342438115 54.889613536704424 -2.6509412019909493 38.794227142070454 -2.43623189444609 
54.326472401691404 -0.8735025855158657 43.842904151086834 -0.92806124879552 48.84700878210662 -3.3872914481494254 55.28376653643505 -2.1692514328475045 39.05383651704709 -2.0048248276032266 
53.618300838516085 -0.4748877176061463 43.075638988268274 -0.17969637567541336 48.63904524800531 -2.749605089783733 55.81705285965267 -2.6313381874723136 38.90857407250089 -1.326334675210206 
53.31212177091565 -0.13209761219578167 42.75494740822619 0.1993556962731173 49.38347043879033 -2.8961230317735494 56.111606952507266 -1.2761370561729422 39.20547507984462 -1.511815951382516 
52.93633160679755 0.2888092749722267 42.11565785421055 -0.07623747340803472 49.65602538950507 -2.6500798796726106 55.93760439700947 -1.3801591938244135 39.36338043083658 -1.564407573941138 
52.141708806536585 0.0350211497941989 42.17087453264134 0.21974989814008683 49.90669283156152 -3.0742228578017974 55.5296955496125 -1.4432560970219466 39.68332950586498 -1.3452532040624217 
51.86630374012282 -0.5689807317099833 41.03505920345983 0.27522073429167754 50.58720787402447 -2.5427192878525635 55.407224888601434 -1.460421091261398 38.84085877586422 -1.2559510726152152 
50.664592979650706 -0.3432751753053693 40.94306901973623 0.4110748240970698 51.74521759040102 -3.267916404324752 55.82117409091099 -1.4950265759952848 38.11617537586163 -1.0616380045183562 
49.12232793938833 0.07788443093494113 39.63195882077997 0.7138918182642825 52.00975331965842 -2.915200377219995 55.55588249459897 -1.703051558645362 38.46202624050192 -1.473306580237758 
49.313261827728866 -1.386365917277208 39.397240373192396 -0.03404054121060479 52.840273432424596 -3.495860399764374 55.954433914219166 -2.8459584139827525 38.03077518597856 -2.754326562282219 
49.155762573551925 -1.5653397804616385 38.38523995408814 -0.6933068682632139 54.027597125565414 -3.6909008171397435 56.32158721104237 -2.7373417632603974 39.34405586716409 -2.519491034777634 
48.73915002691755 -1.1096956971938032 38.45900567843148 -0.1643160095883402 53.860922289758385 -4.261960945832509 56.848115294216775 -2.132984118262577 39.336764841502166 -2.332264631576681 
48.73164544051576 -1.0816509906756968 38.67627149428196 -0.4711951746338521 53.71982197045797 -3.6427749483942375 56.86359169684656 -2.828746612880631 39.15546983481911 -2.12101684704566 
48.83298266891122 4.45680940763642 37.99576931432144 5.297174235730183 54.03045684804815 2.0280595245655015 58.136664562804526 3.4814640235989085 40.10602249179131 3.4495529320352483 
48.6629063609065 5.15379452757638 36.98256406211569 5.590118277519515 54.860569743787345 2.3143907145031206 58.51797978465054 3.1908158603722416 41.023797472297524 3.8308852384059917 
48.40367130824137 2.3738129676359336 37.17882378504991 3.354419043509157 54.4272611998262 0.1494533389820521 58.14416344373119 1.6180888188125855 40.702456294646645 1.6633208533641768 
49.08818598714807 3.4808377089402667 38.04384789490268 4.074215586985764 54.638107204684445 0.7239383414063373 58.05622072283764 1.9322689253295904 41.18027073833637 1.730392350457349 
49.44203004782158 3.059727490344118 38.791987954763606 4.262441975905341 53.5477693639502 0.43180319590081684 58.64891430427311 2.128235237483586 41.74076799773854 1.4783008204446482 
49.657770511602365 3.2343054516594143 38.82489167573542 3.8675645690788505 53.64678508163839 0.6000011436144403 58.61302223779864 1.948761353186622 41.49473346803594 1.2927057324996236 
50.85902614675812 3.2541707801532582 38.86239218809067 2.91465249641509 52.97984882263492 0.04742967142864385 59.10398087106725 1.9935622876104104 41.15135151567243 1.8854942384435327 
51.414818565723934 3.0199016166311132 39.971244561533744 3.7832895228033987 52.86282373033146 0.6400505940249883 58.985223789815905 1.924479185252715 42.45432998003298 2.1226059053906705 
51.81184719618719 3.014561991838673 40.06706081266031 3.2148179393139933 51.78232964526293 0.2701929270341124 58.24311752490914 1.6394832240478947 41.578745061663184 1.439857561357862 
51.71930787076787 3.3548341772453503 39.74018166832954 3.6253845877622863 52.11029488473076 0.848601184323343 58.60027497384059 1.602059992801473 41.88876850525168 1.6979107302669303 
52.30531362250644 2.6439879493340737 41.29299336009646 2.7377813789030254 51.53237362060935 -0.15419921891374808 58.733805598147605 1.0232758147708743 42.40601742439618 1.3103559382088614 
53.403138595234765 3.0563607797792365 41.46151382100239 3.5388775088270625 50.09469307143786 0.2746759048917442 57.98071913871513 1.878353677210626 41.84861427407329 1.8388110181917354 
53.20495412805391 3.9595040008872804 41.627990997375335 3.2219874335227163 50.59061013970602 0.784480479823174 58.312468235839724 2.1164850512568476 41.514527641116196 1.7625834020659847 
53.577948912323215 2.8720106713025544 41.829420659047535 3.459047939884822 49.523880722432544 0.1252144839720027 57.91851439204502 1.6425701036401192 42.15043120252622 2.526439341003281 
53.71543541853794 3.7439360745095747 41.83020565308966 3.139608019313096 49.547106040209904 0.8439235225439106 58.36245317113237 1.4908234539726057 42.15114118901302 2.277972164967573 
54.26409804609892 4.374442186547282 42.321068916974426 4.416250326505544 49.58189274950818 1.3892454767553788 58.980505865406776 2.1318534041125092 42.81895750927806 2.60265968768728 
54.0478497856055 4.052894032160919 42.43910357786767 4.125865438903006 49.62058828330793 1.4976097761715919 58.670824533547886 2.8248185322523582 42.77634387624058 2.57144515306988 
55.43959760146031 3.7437818742467135 43.616532150799195 3.4880193622263946 49.10144585038595 1.0459679059532418 59.603283885361854 2.485046357216753 43.453042449539886 2.2124547773532783 
55.62969943252611 3.8331376790316263 42.53620164418735 4.423354817433348 48.67433179428134 1.3823641932886273 59.88411633971643 2.1092338439731892 44.079117997895196 2.836717334969777 
56.131462458923245 2.6500418396360432 43.90308285037535 3.420953681625308 48.43499714003631 0.7810147316255925 60.374356923640406 1.6979652266203291 43.56731965401031 2.0193674054903066 
57.49297717205548 3.3095383198459407 43.96928742155551 3.017500565116836 47.923850307094234 0.49695867370521196 60.28046927292301 1.1482304948568092 44.19768168410523 1.9811602781863757 
58.058339471165866 3.331442155010167 45.120443038574706 3.261225405664962 47.5966944794763 0.49048783350150676 60.366845771087775 2.1556605668285402 44.727280947375824 2.2491141713891385 
57.7606546982992 3.3405814110636407 44.619264446729765 3.7863398250865044 47.72585553524861 1.0955745411605862 60.33311859040163 1.5244264502640226 44.69678463340371 2.002322378994878 
57.85749496379881 3.322171812970765 44.81122807545188 3.8935873138696073 48.04231644938511 0.36276823334827524 60.23323774543428 1.658928115135061 44.79522232156482 2.0749311120765284 
58.0930792547294 2.8707467673974274 45.01165947934181 3.3681375027074982 46.998423000267586 1.01278794371991 60.459700795801645 2.1153245834977237 44.609904603231215 1.6205173934877175 
58.43963940870553 2.8207866636233674 45.6781175940905 3.87396521431992 47.162984520327306 0.5457076909156945 60.38485531037217 1.875899908137164 45.082236489753406 1.6178376024738028 
59.39560180346679 3.7347825601650277 46.23117169863095 3.664394670186125 46.378962956002105 1.2046233863968536 60.687536889461335 1.9593319405231566 45.61463608634839 2.1446157019237826 
59.850568559667806 2.8829545967625765 46.37229840133892 3.7253621837090884 45.741813371331915 0.3734222075734213 60.72763856491938 2.12237961966055 45.35209959117236 1.7685207028256944 
60.07277200897934 2.6879222264767986 47.0268725198983 3.2010337787758805 46.29443837045581 0.6944381825281185 60.33788853693129 1.8623841484052046 45.44483270102673 1.743696148067699 
59.96811160922723 2.7575552285380023 46.95752762382263 3.271085058339567 45.26888474763008 0.002571286108505877 60.68791074830248 1.7568338795701193 45.68615730387083 1.5865610507257586 
60.41424276705872 2.803773982055715 47.93312418336917 3.216455017103843 45.89603923902216 0.11467543277520315 60.46206487011889 1.398049302971835 45.66178727629536 1.3311774465674038 
60.42943284903221 2.860759345673723 48.459029681374304 2.8229343060556453 44.51010350352393 -0.006772340653897729 60.829710180459294 1.2001701682680903 46.10130116853409 1.5929586795480282 
61.038757134788035 2.7190254796456323 48.23101973533236 3.0093902497337393 44.60242481428212 -0.12039204589854938 61.150613409037305 1.435789528166472 46.272842351081884 1.3496441542614463 
60.84040133406125 2.2611130296102697 48.35649514314034 2.642406871309278 44.52534122706483 0.33301886565454625 60.88003332519234 0.7045768359514164 45.33354860306585 1.2293824662415183 
60.28874368038294 2.2332035818064653 48.18057378270048 3.2717985575390283 44.47363617511427 0.11464453100144925 60.57782747924209 1.1765302613400659 45.863389049187994 1.4235969593468056 
62.0267333507546 2.222206968606807 49.325932796423096 2.765727064086358 43.91561586715567 -0.28631409391543683 59.63590244094875 1.4023099110602242 45.58073763097688 0.9159892480696014 
61.13373445927706 2.5382893099879813 49.17667887042589 2.743583405208564 43.490549727106334 -0.28097719780340874 59.94117910434596 0.9263444689543339 44.8813304330267 1.8411594571577437 
61.8583312681363 1.8192187225496728 49.257746511874146 2.633759595566015 43.523035603162675 -0.4646951058939272 59.43988393667581 0.14531681315375067 45.90606427515202 1.4718835311586387 
62.38789803203107 2.251373432391781 50.371171879449165 2.822268518315941 43.15976304781005 -0.47306834069456094 58.96346960452411 0.3130859701020151 44.77353185009643 0.8337286834434006 
62.833130091074814 2.2506377617901423 50.714778676208745 2.3816345260609952 41.80079990984734 -0.053260331317976306 59.17966594643703 0.25300312014047754 45.098056322106935 0.9664246792809199 
62.610014961938134 1.7831380849064562 50.963217893822794 2.525120006414302 41.38283051816209 -0.06462658428520143 58.51237467500875 0.48627756097600777 44.92138299266218 1.1279572430203184 
63.44089247998436 2.137071593678349 51.83163538667301 2.366224266868028 40.76209918371088 -0.45115821253089 58.04501305162026 0.25324150715742366 44.21845618561175 0.8768137679011963 
63.324980861330715 1.7184881130979044 51.825757146378315 2.5815855398568828 41.08740352581686 -0.6550716856224652 58.140952898597284 1.6426297569034887 44.186349241032225 1.1950911065439693 
63.831139045781356 2.8762568171734593 52.18497123559259 3.3855729472661182 40.21264919379525 -0.17523246953042593 57.12663247397271 1.8526779578842534 44.570848263442194 1.672438894610502 
64.60473626778425 2.058638441106084 53.727639901157204 2.7532043436964067 38.5791336847496 -0.45017245249432547 56.780722838222644 1.2821217014147264 43.76111269290069 1.3381339581823493 
65.54308161573144 2.287356716960958 54.01947763570528 2.4379095871495413 38.850102421224754 0.4255791574904757 57.193536200425044 0.7084091049187522 43.86212097278124 1.6887025970901444 
65.06789132313406 1.9123012479708141 53.982632951431576 3.046383113898571 38.82351061112414 -0.1442300929965862 56.87455008571708 1.1585018324415342 44.03251156387964 0.8116191598544394 
64.29518188666562 2.816956613056883 53.59795481002211 3.1638704078753244 38.95251698496355 0.1819977786274265 56.77245970736854 0.9439953666121887 43.78112032512721 1.3899160129564825 
65.11285209084994 3.180774000027023 52.914095288393725 2.5502995904538737 38.5955041908361 -0.07237501080439332 56.72841630450276 1.643299323942976 44.44642109012189 1.646348803381535 
65.01383514477119 2.265897214642545 53.34392569754255 2.790771049581707 38.746999717544156 -0.2443282644682222 56.39769505062416 1.1874906353100252 44.204636712804415 1.4455877349900883 
65.11325570594589 2.5934577543274404 54.206748210408136 3.2893059754217195 38.42764027145846 -0.02915725820124638 56.792265659955234 1.090175561542974 43.455983411210525 1.5996946644447894 
65.82522002536861 2.6116603481534995 54.115134617761775 2.8599258204368203 37.64495793751587 -0.09390298371174123 56.55565119177604 1.593113914276291 44.32747735359971 1.64092555939626 
66.80297277612605 3.300351417469725 55.50322469141278 3.778570661146439 36.55360746613171 0.528930113150296 56.290769156924384 2.313454400686272 44.826789757840345 1.9444837278910445 
66.86320043363195 3.5795299509616023 56.14181324634012 3.3974374577590614 36.513654862847446 1.051800970198348 56.833009879219674 2.2220678989089575 44.80006273910156 2.671834191645404 
68.16823614267669 4.097204896742525 56.251005670207654 3.4909424644840548 35.831435647953555 0.7093661950474961 56.86758769764318 2.0020367198289857 44.70552248798424 2.148781943649852 
68.19687697925741 3.1660365845262866 57.119362949148396 3.613458294671698 36.46362164404693 0.8636843637334631 57.07220048397376 2.071045644807583 45.29492198048173 2.8819387122801357 
68.11378030250665 2.932869667109511 56.48432474005501 3.7705936551716723 35.7624343126481 0.357474283566331 56.60344341415549 2.086209387787017 46.1693752611517 2.2468193454070584 
67.6634792120539 2.854163629110719 56.62498693995688 3.6297082941401695 35.45318197439588 0.5085053921287593 57.30025139619625 2.4479537122449724 44.79632194663831 2.105484547178227 
68.61132187339672 3.6398829292903687 57.19725007598963 3.947605124259707 34.57117950941004 1.4246227080820224 57.35788266321737 1.6949319512372207 45.79911485719698 3.3258319302190023 
68.25051047319715 2.7110938815071512 57.49395394375211 3.4806719631239518 35.27141568432848 0.009717429410420864 56.91665857094508 2.080479689559794 45.493695717872555 2.100803973641545 
69.68316578398215 3.3418327860027506 57.762152420782954 3.8758112340030237 34.74385341737629 0.15262400858393443 57.94449943396897 2.1206999632822545 46.06462372021197 2.3796407006645 
69.3431041421481 3.0084846561038523 58.171292165571295 3.0396937198645793 34.4863906856829 1.0908520120846181 57.9130859442314 1.766222975571367 46.30411870645109 2.1188066797446172 
70.18679553417803 3.3718537774687176 58.145074154082096 3.777009504624758 34.55384584510185 1.352149071604378 58.34422248312875 2.107556092536728 46.72046451108872 2.676726277428082 
70.27957075824143 4.745121520206933 58.61570787120053 4.666638325230109 34.222929715844636 2.0923521513738654 58.66110402916408 3.403147634119759 47.15946982306907 3.8325511429863384 
70.32722806853829 4.657253349481313 58.39398362746456 4.612133194989396 34.583166873523574 1.5362464550310595 59.08551722018783 3.1796037390396057 47.6755122392601 3.4120952647564984 
70.20610351873995 4.854210873839319 58.193097937742124 4.875482696260993 34.641908107102225 2.0067752316235703 59.44996705576748 3.2709016911744584 47.49962317642204 3.686807969903275 
70.13978973651578 4.941379417384988 58.12936298233176 5.93375057328047 34.74177996479153 2.339677069468015 59.805716159061866 3.740172732733461 48.0136736150554 4.486771960161168 
69.32642003563046 -0.4643959662014002 57.11349450144909 -0.39962115470967413 35.57747419837013 -3.094710233432101 60.411602340131395 -1.6703263452541202 48.33573608906777 -1.6448432062369245 
69.69497070914002 -0.5711596789299713 57.4501115598769 -0.12965158721912007 35.37855930020129 -3.484949244176715 59.75296520971796 -1.2865971821154494 48.65255446771843 -1.678289023693743 
68.89381515709967 -1.1466758973579974 57.43876473345072 -0.4998070599173759 36.022797697005174 -2.7064518647461844 60.473996577633905 -1.2267057956522187 48.37763466192688 -1.5525428250291284 
68.84499722122392 0.7079143646898689 56.72075530796136 1.7155117763653847 36.209684497284066 -1.3163875117720196 59.9254602171831 -0.32304847945771015 47.737370636788164 0.08859998632557209 
68.25274263128438 1.2768011069640042 56.849738494204146 0.9188926326642054 37.152260875913825 -2.323503336893171 59.2321987854086 -0.8192387869506118 47.2396832501377 -0.4855607493134527 
68.19999766559184 0.17227207993422455 56.62006092989922 0.9962233469907368 36.943237286661756 -2.615635967209767 58.96617793313703 -0.8749653794650072 46.93105898678702 -0.16910658884169327 
66.9988391045267 -0.10173739654984953 56.020016063338616 1.0425019598138303 37.183941968974906 -2.4890249957204675 59.25601536759801 -0.5989104458328354 46.56442246893895 -0.5510730873602102 
67.54352454644032 0.5573402129705234 55.790858851993235 0.6929527893394157 36.73071723132991 -2.0977622498865944 58.632293519217995 -0.6846137390730935 45.757377126280744 -0.5672838644098775 
68.2411887497775 0.2565159662140152 56.375519726094204 0.6297030823879446 36.81181182661488 -2.4162163571895117 58.61982543295769 -0.8395177319130084 46.87446331285915 -0.8808004643413453 
67.58177112311976 0.3273942353696697 55.816550689793054 0.9476445307665479 37.24967497104504 -2.8589933177000892 58.73505287842911 -0.43149514207673967 45.60038970814702 -1.0401675230348573 
67.29174046850032 -0.5085214925461646 55.67956414549011 0.28797109804044696 37.19257034465329 -2.431545999858104 58.821441219971604 -1.5033398885890474 46.07202520430443 -0.8786129183792358 
67.52065428805776 0.36015239944188054 55.83810715426843 0.6145111100219989 36.930641997507294 -2.3205554945521945 58.555018339266674 -1.1637482139124222 46.52765392188228 -0.6618115334610577 
67.39947808860572 0.06677690595849198 55.602903105114905 0.2788679178231226 37.238255904587724 -2.573608471771423 58.24568214283411 -1.1984418015223615 46.00225519952162 -1.220606362194375 
66.4210778005029 0.6585141105708446 54.755556656976594 0.6690110835824199 38.687467818694515 -2.700084692435083 58.81006992798261 -1.30155045057646 45.80004954350794 -0.5539042827670017 
66.05297902237241 -0.6816776468236976 54.10329537952674 -0.15939566624903628 38.802224394965606 -2.9553642646000564 58.19055382535881 -1.478452480714588 45.18478934452014 -1.4153055135244828 
65.33038349019034 -0.9807323950582656 53.65016213433628 -0.03171574827447466 39.48112225143721 -3.326617024376753 58.14547787152329 -1.8388447282544202 45.04879623534889 -1.5592009644875344 
65.11475635345552 -0.5664278748580072 53.50105108140651 0.0073371712696494035 39.160607820501404 -2.349954666284723 58.88011061258968 -1.9013476776089742 44.83877781393941 -0.9786939490853517 
64.97112383302668 -0.33280886865169457 53.34817734508847 -0.15695512361549163 39.0746651662466 -3.101909393829231 57.969127905935856 -1.4603277525105856 44.642028675477306 -1.521295400583763 
64.4899750101081 -1.0187002151648352 52.60253418212307 -0.6623144936635665 39.79939088797833 -3.0019087267475344 58.195688694256575 -1.437501751944937 44.74426185377471 -1.2516983147451968 
64.95601279296223 -0.3534273767760286 52.90009005523364 -0.6871816737347183 39.491613342901665 -3.0744279475237652 58.13903913653288 -1.761598884097128 45.70816881049617 -2.0843372761163006 
63.93195617401705 -0.3427567022227257 52.2433796031543 -0.5420877930184624 40.09606168511581 -3.877449362565742 58.38035268514857 -1.452003823454951 45.176523400510575 -1.126825685213715 
63.210130678392034 -1.0243948814965305 52.1103194303684 -0.13220935948195747 40.93322908955331 -2.7137458047222895 58.45039888032273 -1.1895758210129865 45.42456350237726 -1.6247459462085878 
62.02442006268556 -0.15525334511230554 50.372696056085076 0.416164166344947 41.95450460136596 -2.413790319637678 58.4617278170283 -1.3382667189565087 45.100492772852135 -0.3913245494516593 
62.18593742333653 -0.14430798220330499 50.295544120921036 0.32806093023850386 42.06591934168274 -2.4916320264163674 58.04856901582841 -1.0431297900879444 44.86274130206806 -1.2586122733815346 
61.37466195478844 -0.16663017976625413 49.61880479349624 0.5301978444305688 42.343492306473074 -2.817720253159332 58.55791492604276 -1.3600891536259716 44.28028690012579 -1.8794550594187185 
61.26922704273949 -0.015562137995830047 49.140805467759705 0.6151818496027384 43.714618988017136 -2.489075262569914 58.28380133670979 -0.9980104371536231 44.21004366094831 -0.82669925513371 
60.15297221405534 0.6344265469757899 48.24593266295494 0.6334528500616207 43.89475073192174 -2.053208783294098 57.87773293914599 -1.228726280485599 43.446419106442264 -0.4483110635652242 
60.030954945880126 0.5643645117376288 48.255447818699565 0.6460975359526757 44.10458044595212 -2.8600274903972465 58.62517470458335 -0.9707473784882652 43.23028553536265 -0.6766860873805769 
60.19347662324336 0.562509213806583 48.342349066956274 1.2966013218005266 43.534746057968896 -1.862406209674416 57.796895137185714 -0.8670312980577064 43.736899539386734 -0.555600190309631 
60.71281847930267 0.168157203413355 49.213418986359606 0.8132943011938867 43.76369037257381 -1.8112310539710383 58.77082063117569 -1.0811505950987856 44.40108346778322 -0.7665812340068652 
59.785744979349445 0.04580084995072162 47.92431613547446 0.6108318942156423 44.641343790766115 -2.2629792102573223 58.673940889228426 -1.355724530208755 43.418347126213035 -1.2632536581998095 
59.44123145526372 -0.13648322493285692 47.44007313250815 0.014576237453031507 45.76172889793643 -3.296003062895846 58.34231779126471 -1.3054631518183442 43.22863024890968 -1.9944333889489805 
58.930716303665136 -0.8013251957436436 47.08300881672437 -0.16319348729580868 45.78397204275093 -2.800883073848631 58.35060759770722 -2.113295003251917 44.59521162631392 -1.7329557786122578 
58.872946331433184 -0.8526282776685842 46.650816985630875 0.059340576701450654 45.96570716000885 -4.124150888380161 59.013241971931 -2.5486933120344166 43.95949675504326 -2.3618999064148314 
57.9903379101431 -0.7196536073770027 45.71175289803673 -0.11050911823617371 46.15553234249278 -4.036228723298956 58.97716161963452 -2.344674169392342 44.15925724879424 -1.9358569418847928 
58.09090693834647 -1.250535121381236 45.01658503207015 -0.8145560039334853 47.56186153019635 -3.295720442385014 59.58230220214125 -2.2402543463307185 44.95357350938929 -1.9122836843870672 
57.53839356859967 4.562197239721823 44.5692778915183 4.909765170792963 47.79832342959419 1.9271347753119805 60.69096381264054 3.0417940278881805 44.79830735503047 3.8105084002325134 
57.56539352958521 4.300812107238366 44.684665592906434 5.320043380536678 48.40357638074322 2.6651025794898433 61.20109717337293 2.8275823650908447 45.76507223812155 3.3421480520779334 
57.2090544894893 4.596412189149142 44.25021626169676 5.571629460552379 49.09432412623674 2.5511188989998335 62.31776753169161 3.5522420224455526 46.44989382801645 3.745953933648664 
57.57426866011782 4.387500038464468 44.04080823217518 5.261712936935423 49.57690198348882 2.1191620143465215 63.103630223869146 3.475460003006477 47.232060140964705 3.796176448467846 
57.77350688636032 4.6039987238619595 43.309527145542226 5.23228002967141 50.460650668243964 2.40262350488288 63.78452143175521 3.314287174100645 47.34579917739222 3.3547769550693505 
57.80151760436595 4.294497678062376 42.92627084325217 4.380509306711299 50.534311349779614 1.5588153980691764 64.54813259508778 2.6984734331084157 48.34352656857017 2.9044672521380446 
58.71851148997285 3.145853881615597 43.936264429023 3.4678179476296496 49.93926066682385 0.5168151512047376 65.27111017135593 1.5698373852686254 48.8940142472643 1.6514668672347075 
58.476575489823105 3.1229518251174504 44.527285441410775 3.0276464850950475 49.61938014362699 1.0691273435488668 64.69641396957654 1.5892419521528174 49.78024946107552 2.0293797199053527 
59.501670312186796 2.852383537459951 44.82579243898637 3.565009710263019 49.355308605808766 0.7996212672731836 64.9028778538314 1.6418682775628788 49.884505659332135 1.7474532099348832 
60.46612264882573 3.550218045539747 44.87551645591435 2.929056300037549 49.338148341668635 1.2876343245464044 65.70859716830354 2.3159381163660715 49.64276175083248 1.7275890039929602 
61.16400245159361 3.6051046303424705 46.60608819692375 4.179485965542063 48.23392004797437 0.8052495146947546 65.58369442933052 1.447159762749911 50.51038641649801 2.659203085378397 
61.65001960478966 3.169966542878448 46.762412757913495 3.989406973199544 48.04965731904479 0.7139421548129695 65.2145255737438 1.6627422841728365 50.45952266676237 1.765593188062338 
61.6573943517948 3.6084441905438225 46.65435997437066 3.734661830312329 47.65124450162706 0.7842559232540754 65.02235488091877 2.122591540204617 50.70392371146723 2.0706036748400862 
63.182192734136535 3.643778184165237 47.912361048863154 3.52804119707831 47.39086806113967 0.9417787545500252 66.06973840732029 2.035577794356358 51.57197034801593 2.1567947188905574 
62.75029014621491 3.2266641590312295 47.48068853534901 3.3325149581404316 47.301769231538316 1.0187397099543039 66.51996943121766 2.552320537008757 51.07649735507383 3.210425705823059 
62.486359368866616 3.87900924213076 47.28348326272938 3.882194694537735 47.67262231020716 1.5627952748412555 67.12066383201325 2.590063226644279 51.187253592532905 2.7206649120267565 
62.61339040668024 3.301066822152436 47.39120661924956 4.1717434220574585 47.39053235682033 2.1734279065572126 66.15379941139197 2.4750928479294805 51.435110057095734 2.571100513617448 
61.9444994095112 4.009822933758143 47.7169380531502 4.580961882057622 47.56905267958057 0.8644971178201513 65.8955231039499 2.3804447977246768 50.71676751980764 2.965845032805765 
61.8837646857712 4.373736509850417 47.04047942158525 3.615716620578095 48.00054629365935 1.9061303487152428 65.3213767309498 2.1248107490799066 50.37116423699646 3.289945729931569 
61.806463573729886 4.178326375658476 46.51479957935313 4.408908607137997 47.593648400563005 1.9827055323286815 64.77969140540812 3.09222121765534 50.38720816988825 3.095360443354038 
60.74913736042008 4.117204509889766 46.76360374466022 4.304201445791895 47.82734819599852 1.7947852813731833 65.08549857711432 3.4182159031845103 49.89750542379993 2.9230562754130687 
60.91393108387767 4.218099603651544 46.8142629895519 4.389255392794039 47.787537132924044 2.000947000666411 64.6359933867455 2.925104242208368 50.134633672305114 2.9843613389763783 
60.57980102601749 4.375014782032501 46.51680073940285 4.628752181713781 47.117691582787806 1.8184100332093334 64.26863961199933 3.0087700798083326 49.300736579492856 3.423252646260267 
60.362436423096554 4.383384410931348 46.20622308756246 4.958723642732082 47.637587799165296 1.4799756477133648 63.94944919448927 3.305736969019526 49.41867022607148 3.066689307721415 
60.9188985671647 4.149814592828489 46.322340598305594 4.110581583205989 47.24908799625103 2.006039737025793 63.81807127464827 2.2185986934387 48.841139838369315 3.162027926608649 
60.44647628296695 3.493053542204997 46.62531487650735 4.824600047481496 46.75742310300432 1.2218675411417652 64.03649566572189 2.776600206772714 49.19262776788223 3.0026903088308248 
59.91479568797962 3.9436313293693206 46.71862460725216 4.385983477774333 47.31971102402967 1.9642414015993068 63.51340244488203 2.457309746921377 48.18269819359842 2.51287289033019 
60.17273268510242 3.8233742281326752 46.192369771955974 4.647406239927358 47.222229791813156 1.512485713648205 63.81888371547733 2.595631389376521 48.48560083656588 2.843343780167616 
60.17266990929858 3.383949239847895 46.74277368135095 4.457728917900422 46.92737248393086 1.494815247055065 64.11562848899096 3.0876568270660965 48.35722094814778 3.2495208879134587 
59.462355838367 4.275884086638901 46.479837765976804 4.059181194109271 47.26309992639461 1.7074763893097447 63.39860159821352 2.472442363901865 48.207172524424614 3.2775000041312192 
60.54738238455046 3.4388931124595286 46.33735364543857 3.9763701088735735 47.211932208742006 1.842999888776824 63.41637480930752 2.902765558153574 48.22891883923647 3.6004232257329427 
59.66602325231901 3.677279773746349 45.85043033768182 3.9935988720263427 47.442767312423356 1.6007372648360245 63.26477888954705 2.9747333842809507 47.54659284200909 2.859656310538921 
60.36803456181694 4.265954441669364 46.17828087387071 4.137983104189316 47.36651173008713 1.3039792895694258 63.43085178271165 2.864075148485309 47.54052881288129 2.8291092153375734 
59.62885790793641 4.343840025263247 46.44643551178855 4.4426168346478665 47.84238140621676 1.4931680548916617 63.26983670619324 2.447512357386802 48.02746536864286 2.9245741784631076 
59.64841774263648 3.950223193987807 45.53817665614091 4.160267780995044 47.48412401863427 1.9494417871176062 62.684341347729564 3.002576624407053 47.64428641286521 3.1797836625042453 
59.71889443988451 4.469428671232928 46.06346406486151 4.364678607266255 47.13540666782254 2.526824598933232 62.18645119558212 3.0372045761319373 47.46253908111077 2.842347077649894 
59.639584116570575 3.6509657610336532 45.63596005753599 4.061515785571585 47.12228697163889 1.6839998876003162 62.47137996267299 2.4103382973588703 47.28573811670887 2.9474465564780723 
59.29347361771641 3.9930741652327235 45.53824920762003 4.436555362209358 47.580760520693524 1.8077882724843057 62.369180967415964 2.669805090833353 47.15366276128672 2.9337123227075983 
59.341964505095305 3.5548136576640488 45.41096037934052 4.184978324577236 47.58728377365912 2.013350731419374 61.7673543047126 2.8607549457815793 47.04935538285291 2.6647592045898976 
59.36059400470089 3.951469152061141 45.71085607767139 4.002907686377394 47.25717012419678 1.474309660469645 62.278281478812154 2.3935345568294 47.2818093537145 3.59361407297472 
58.91939528464614 4.122449582600591 46.18084907486312 4.241404764886938 47.271460172838495 1.2255377102773655 62.081808304787074 1.9889906951870735 46.32771139122136 2.859431830419747 
58.78112325316014 4.253645561590808 46.175274940339655 3.946734661000711 47.15544527769959 1.960580278870099 61.41120549858396 2.2193661059683656 45.98632172899979 2.9236456498613985 
58.59650079322606 3.657647552090721 46.05982276334335 4.481125247023481 47.206392444182896 1.3138710238292872 61.47170941660086 3.2387237700278035 46.44048557724806 3.275207048734227 
59.27310896680223 4.245125631113629 46.113970062162736 4.124197383715271 47.15947841252095 1.6078389800860933 61.50326192132126 2.736900064431346 46.12477585190122 2.927776044773783 
58.90416410916759 3.1754520379290105 46.384443806878295 4.185200464764617 47.39189636699077 1.5185991646058636 62.37214541781355 2.1274599108419063 46.78194881873525 2.2977648445117995 
58.806162311200936 2.485572387790958 45.534723288119174 3.5087047928027015 47.46288185249465 0.5971150072402754 61.539407508599965 1.5190037514256494 46.58323346315849 1.6097162003518777 
59.36669636212546 3.1568863846108735 46.25196365972459 2.9992578829630454 46.68799410763417 -0.16880615329365256 61.74460827570699 1.7794494516024955 46.5031959318298 1.8579498874929175 
58.83008566277309 3.444548881167975 46.091181210670676 3.164946640540208 46.63115959970432 0.2543852476399062 61.399125649724745 1.374159450545979 45.76168995286821 1.546935473588475 
59.58611749255092 3.374504150289866 46.38625721890948 3.3591402514418083 46.545125474044625 0.5923656981842802 61.495787449237866 1.6786504530891613 46.45118333320229 1.7137123375291625 
60.03817558908533 3.287006973748231 46.85551475762956 2.9827016265573425 45.97092786983393 -0.02397118544554727 61.72295671777157 1.3870674628521522 46.74098993678992 1.983331689230181 
59.99801242683187 2.9664243288100836 47.41290629845632 3.475746698891689 45.78620506947321 0.5332507702951615 62.06567582582818 1.7674665000735363 46.825831772812926 1.5210325808190712 
59.21151037800105 3.539726738823881 45.82927759102143 3.4818546554480574 46.750251115475265 0.94620833242729 61.71523412876195 2.4210168855315413 46.12441713080434 2.2303812681528945 
59.024026005717126 3.0048576742427446 45.43761682028537 3.688836046092938 47.175809012349426 0.8681808326270408 61.2604632260803 1.9389278586403478 46.24951619506105 1.9524486634818776 
59.19975293615403 2.8881378059826592 45.91594102741598 3.9275926361757842 46.99749979351224 0.9846415832489379 61.22397642093952 1.948659371820213 46.20574831746205 2.171955196167892 
58.23027922116304 3.040869303801385 45.148629032868214 3.0409152109993594 46.989583337728185 0.5648885852401184 61.40437839442806 1.763024721581194 45.856307371649265 2.7382116118250366 
57.99819152646073 3.1636763607349976 44.876331725501714 3.5539884940975757 47.257932143909976 0.8896845508408033 60.84618290103273 1.9373572207654268 45.47802023478456 2.089211471087867 
58.26276112734527 3.156974200948881 45.8766264333044 3.35023580264456 47.12957629487156 0.6330155689750016 61.282382195627505 1.7331827338220054 46.40487540287137 2.3940895533504234 
58.70580342648748 3.446718396091827 45.2964365177037 3.9559787525867893 47.50212641999534 0.7732547534856336 61.691690168285334 1.9419704926957522 46.23263859085261 1.7924231095104157 
57.91073430343505 2.9912731576210936 45.403429774783596 3.058536985001827 47.806851106210736 0.5654339429677334 61.8864855086442 1.6165177227340326 45.83482960566108 2.734184890724576 
58.27952622685423 3.0586134482485257 45.07179650728362 3.6068522327592443 47.67800444707952 0.8305989222871796 61.04179265650249 1.6333316603073287 45.632604383390344 2.1199900985268534 
58.31621615299455 3.213242827931158 45.46479900804821 3.888223437804681 48.00269768027642 0.9107329240704789 61.55275395518146 1.907417880864025 45.84104974050379 2.111132631242179 
59.36489966017248 2.3940384440894467 46.17989828143855 3.0317001833989448 47.101959937630404 -0.020859338345226824 61.17149805145807 1.3474034705494418 46.19586900776121 1.6685530062798053 
59.71394790203029 2.0925492961061525 47.11343513058444 3.081067614309306 46.073821006608206 -0.3463485842544305 60.335401313778064 0.5148115797780666 45.00111324760121 0.9255707719132924 
61.046000914269335 2.3871393110265804 48.443343602218796 2.935265179024458 44.320784217441755 -0.19446638430989066 60.08669776451877 0.8791334764122543 45.19616688016766 1.5842808636301127 
61.08937575721904 2.4193722579159505 48.59686704195163 2.8550681869643193 43.8643016766779 -0.4588961564059433 59.474748877921826 1.2921428590824906 45.41871104377087 1.0028942674924828 
60.92193357969124 2.0061403096906343 48.54751334161885 3.1500487999956164 44.72064081022438 -0.341737712204633 59.925878257819846 1.0754895255240537 44.1419246047678 1.6229919504992192 
61.114167266701095 1.896761697947226 49.19742470337972 3.0852594068470625 43.729571271572425 -0.40659206146745924 59.75478988507311 1.3427169130843326 45.135875843829275 1.306769609913193 
61.0841580684824 2.5635837836852455 48.60803176545989 2.904754360110174 43.386037481455084 -0.045691999356203696 59.686284837843615 1.6283399046221587 45.15741529441592 1.428895355841442 
61.34376680115581 2.2883840330916354 48.74751723016614 2.9282119719870856 44.23268838463581 -0.07286842743400627 59.532456664772255 1.1219278461030973 44.89865657590695 1.5782850406698525 
60.90043677192338 2.5121961715359444 47.96286215377715 3.2184590903393606 44.45715062254911 -0.31799376248966027 59.561213592532035 1.3873995645855417 45.567080960289594 1.3669740211581338 
60.994854457090476 2.8447187199390536 48.87597794765491 2.8537657387592965 44.63990180636877 0.6440897366323932 60.036636111486466 1.1527437381268306 44.8265813096456 1.1139233436824083 
60.575794439850185 2.595373415531129 48.57015600550549 2.2985545532183806 44.748579900094605 0.38446938558939 59.68799818120555 1.1086358328117474 45.949518621339635 1.3190035721596196 
60.28588159234716 2.403700122941934 48.38195210380334 2.589131724245116 45.52662643449284 -0.25307838641095365 60.23219907514441 1.2619781706428772 45.37502931931343 2.1410253569662485 
59.72246627140591 2.8595157547940033 47.39878942396403 2.7870131505365725 45.502960297018255 -0.06349291705377072 60.3538833499134 1.3559511794539123 44.88980770234509 1.4973801866649035 
60.389929677958214 2.441279469616605 47.10685524439339 2.542975106488409 45.94692753203454 0.26935732092019316 59.707860813626034 1.7149496555738857 45.14047447904492 2.194553972268354 
59.95624421107795 1.4385931394923364 47.53126776244468 3.5192141536312 44.6931268550645 0.044674912798990885 60.40964192901632 1.3116384221076591 45.28154844716733 1.748809861978324 
58.83554926643721 2.3437880062284404 46.87651213697439 2.522409891714983 45.682780312435106 -0.4764003973362189 59.89415616743037 0.7900900690580501 45.69705423173518 1.3711238462073658 
59.25580396653516 2.4617311206009513 46.92235869763102 2.440762507871616 46.15695673484484 -0.4803652834750113 60.754274500819044 1.301345422169887 45.45907105363015 0.9040790493626363 
59.16368321291633 2.371539517993216 46.93468113944103 2.9153619775859765 46.00753505402449 -0.23827009232792656 60.71244176937516 1.1756104644734182 45.32487332860281 1.4760784387856967 
58.93560187454682 1.9342129520273454 46.25908976745265 3.023549873602977 46.75619501357394 -0.6902398164201633 60.69159555812537 1.2545476777977718 45.667514518199624 0.973367778796989 
59.3114024369775 1.9083659467623484 46.59327717668797 2.471283811841424 46.6399911542132 -0.2127478864051887 60.36575310000865 1.3792126009900423 45.39557683200048 1.2605969624864382 
59.19192024165622 1.9559152641255002 46.7349222405256 2.6948917097465674 46.681940299198494 -0.01143200309167422 61.23942319899365 0.885836160383088 46.094216757179176 1.3021855784279814 
59.014729132837914 1.9526197468019388 47.098958362357 2.495140163911607 46.23918101631378 -0.2906107990097307 60.9589632205984 0.5398596633602147 45.56565528775047 0.9957549894469393 
59.579353811551755 2.281799875682135 46.08807405875583 2.6771747325909803 45.679930849164 -0.17741797087756955 60.869037012435236 1.232551270236983 45.8168889137224 1.2475548893986839 
59.36895458212481 2.4990189873248294 46.99245269772593 3.311048856613007 45.7615807079964 0.05601689431476016 60.29467495282291 1.4514062563803516 45.108094477147255 1.1249427153044405 
59.34310449569925 2.623163604981745 46.09416304179126 2.5107165012547634 45.96103537953464 -0.08726299569536453 60.58741606262789 1.0385740400674708 45.83290176386636 1.095097529355138 
59.220463488948866 2.755695993967636 46.77506707563861 3.111508764128759 46.01362028442885 0.3641743394323703 60.78792701581021 1.3684663443036071 45.77907834688507 1.9610006285649317 
59.25237818106396 2.925452072546353 46.136950121728596 2.770346391128825 46.67438386671046 0.007893771006645109 61.16961188280783 1.490444250167931 45.87227292732356 1.1993241245997661 
59.03702399418355 2.934910006185419 46.15672979029599 2.617481027698347 46.817414652695284 0.07421660238524151 60.867982825411154 0.5544334695506175 45.34335584421091 1.293782065855971 
59.00178736564581 2.8070694988365767 46.13713192808973 2.64183484608438 47.02242389280411 -0.05238259382182005 60.11326365186525 1.4524881195201698 45.5172479699211 1.5880943482701708 
59.59143205755898 2.7751529923973877 45.83364326242991 2.7610980557013973 46.76612576278737 -0.18715612523499342 60.8000615640609 1.2442779514832876 46.162889572196185 1.4257254509413115 
59.09754528235308 2.8380148949560398 46.38789885983387 2.608474168939636 46.732638772971306 0.036326610793246714 60.5775109054151 1.3968946097422419 45.44683397200535 1.8844455409013408 
58.80746098097681 2.2784146671383168 46.2134414735187 3.019565164597199 46.936591556226425 0.07073416284338908 60.83518513291709 1.1671593379393315 45.151447739429535 1.9665204136078205 
59.02467835426239 2.714481637404565 45.85745629108352 2.4244024770913533 46.36031424831744 0.13582078835581685 60.78623279286577 0.8289172292884486 45.67915385610429 1.8640164834790962 
58.29259172699145 2.4325618465828356 45.24086292629532 3.4050003352906906 47.58315869911659 0.10339660394564346 60.60189173623019 1.7359368021004662 45.06837402669283 2.072929047662729 
58.046651391704295 2.6481508856595615 45.41882999394731 3.023168230963318 47.50071057938915 0.22638369802924796 61.58719550415153 1.333553176733783 45.59134302745731 2.0199495385509483 
57.86393482059583 2.1732360684675793 44.51916833037824 3.8410597284083687 47.689722008286246 0.5881436137393423 60.921585565813785 1.9852568272495774 45.111678272918425 1.545500669230414 
57.91510896303512 2.835230014146496 44.49146616796594 3.1533747912796284 48.26874589467771 -0.032576011167601254 61.12172323703144 0.8474834521245094 45.69253164374834 0.916393638171026 
57.88786300766851 2.8777024631629193 44.87439077228234 2.9053274615766584 47.72135998577278 -0.3939562270563015 61.05448070393853 0.9067474240285138 45.412753923751545 1.3561993312455636 
58.19004470362943 1.621595137082345 44.90145495210854 3.0516156451816983 47.49809418495321 -0.13904018533733098 60.820776739844455 1.2243128392403757 44.96935361122179 0.9137582287245796 
57.85191018640279 1.8547561740155938 45.52412044262789 2.698802230614517 46.672645748719496 0.05986984845812354 60.20230969491287 0.4977835388387186 45.58318099569467 0.2608347203037832 
58.033649486926386 1.5802441082336611 45.834058482957275 2.9107474369227457 46.8579794884341 0.2952059813378959 60.09412929854574 0.9284234245607728 44.89814864070201 1.0998875761026623 
58.05180374732206 2.710301343142389 45.25944707775706 3.544815478430381 46.3905133166237 -0.03915229903168327 60.6305666616861 0.861560200235285 45.300072561874046 1.6434936856060762 
58.30101046062629 2.587661962379021 46.19328764667548 3.0813614181090028 46.63241092786589 -0.6891291514528726 60.19554094999181 1.4176389663798772 45.24227391207036 1.6725756447576678 
58.282463347907296 2.8911030240442406 45.419271292922545 3.36390925434674 46.93996705640547 -0.38181857878900316 60.51656682221214 1.3612079452923795 44.790885293679125 1.2512507030515718 
58.866448068808225 1.8834950963537338 46.71748814489729 2.622589239095074 46.34975615131605 -0.8777985694606923 60.21640935017775 0.4625790040304103 44.324846200304364 0.9389053812569147 
58.79309260352954 1.7899005315299856 46.16251938921416 2.290650351040109 45.658806004095965 -0.9308537513288668 59.01381559003208 0.14698820638963822 44.195462499568976 0.709419081176306 
58.94191667894408 2.273322276990255 47.05013371810028 2.274908577712049 45.1400678228787 -0.629902634120287 58.682059815559604 0.6686612621076385 43.21570051837446 0.7326472672278095 
58.866880052915114 2.3103778650553615 47.16463720516546 2.9163660372792006 45.31319597156508 -0.22319318457181173 58.257967008659236 1.0041074416602882 43.3143218247438 0.924808241218103 
58.72639938685501 1.8414500589264868 47.01005835276637 1.7481079203366088 45.484640809437295 -0.1662883278774769 58.26240568235878 0.8482328928627217 43.502689096675006 1.1781235344767864 
59.04128033133208 2.7429710995503696 47.07702264407886 2.708384746310961 45.62221009349349 0.16714340182100978 58.37387491533831 0.988720191812461 43.05319693335001 1.548291003790378 
59.034943318548535 2.282572541969205 47.103616047798745 3.389629164942197 45.84119590554706 -0.006162403109478798 58.36932238877896 1.1304629528630397 43.894379521932365 0.6210227308685592 
58.93978327349333 2.095245218269279 47.03142561344325 2.1713483665585294 45.67070528205969 -0.6633182252938975 58.33327101806594 0.47175215438392276 44.23742936518452 0.6942052772514858 
58.78611852750212 2.329602597681221 46.36451749795223 2.3417722814700412 46.36700222220912 -1.1427195669802948 58.542893013356725 1.6317162701973895 43.76734041940717 0.9247282828135853 
58.00927843788027 2.079228386929486 46.07431092050851 2.9496677165758474 46.28408438118867 -0.008620873862922429 58.30401633957952 0.610311016719205 43.6253651929229 1.2756330668497413 
57.79984032841271 1.3415307688078948 45.688568730894325 2.761073545619212 46.89785135469253 -0.6114770521209678 58.97299166717341 -0.09611147294366396 44.561775149164276 0.4209094582580696 
57.84950178389964 1.7338369017317663 46.18462196010273 2.444351027773614 46.12187365812499 -0.8080607451001465 58.882746321975226 0.3663488279824052 45.043563661660784 0.9466924914046109 
57.84296661767612 1.5402365736613721 45.40217646398889 1.918608530408571 46.457298743386495 -0.5232918015521429 59.302343623025905 0.6729340333024002 43.95057372104552 0.38278960710821464 
57.81274932839477 2.0664498894197902 45.77147833409851 2.5509085512170846 46.85699532859185 -0.6702085717019729 59.27764356872453 0.021348450955504028 44.58834869737769 0.9041672019394453 
57.78384896710781 2.005544458480594 45.80901736901129 2.1309290337486395 46.68024646774304 -0.47441883873407426 58.71814370909308 0.6858550128179886 44.19968087533764 1.0446623321915867 
58.657259874381936 1.414867796417724 45.82851218174221 1.9062130123271799 46.629981903281426 -0.6099283136105513 58.88925172768573 -0.05918054683221441 44.17253813398559 0.761173226614938 
58.14149211042064 1.7304515989740064 45.817020012069875 2.461812570996287 46.71853953483357 -0.7359292205821849 59.02351016801009 -0.25908210492476025 43.42593301290212 0.9300967998687514 
57.835510377184484 1.9827777636898831 45.597850316462235 2.4869518860019117 46.83566823415075 -0.5181604889644529 58.92153276187715 0.8386815529336183 44.56435193286147 1.1743925872977585 
57.24640610802525 2.0564462156934864 44.713325555647195 2.6721407193092928 47.931644736589625 -0.44662777883436877 59.8203605751556 1.337994230142225 44.867370630292484 1.0208010063979978 
56.787239392760625 3.028622529127518 45.005972991259384 2.451603634310718 48.253457501030645 -0.222670103516807 60.22552112978479 0.8140015837614226 44.962062381597136 0.8804482528373675 
57.29738062955863 2.1723907452680002 44.676347863327805 2.447211529520356 48.20924065907241 -0.6687275351618585 60.20178478055538 0.6449716401425869 44.52629182869288 1.1252058961606743 
57.3037012980288 1.4744849272214655 44.30370190281269 1.8693108545476418 47.974506381953695 -0.6826473445194556 60.995721449944014 0.4877003763750552 45.18864185675137 0.7698284706283057 
56.818155311661236 1.4780614371303908 44.04512483466344 1.8296888149229182 47.978838182937025 -0.7935262265785321 60.66463095661142 0.1173219056781595 44.58373108374863 0.4052780611319131 
57.33195334821308 0.9135112397627823 45.25730988586549 1.5218034145027133 47.26269696648978 -1.2009650525646416 59.108548758724126 -0.44183456864266524 43.997459697263665 0.3687293439843677 
57.30365118323468 1.331523053522912 44.53285515864618 1.0867870907140236 47.48397069173947 -1.1181529188006145 58.881940534044226 -0.724296307166508 43.19337890770557 0.6877505800189075 
57.206551275548506 0.9114946745854191 45.0992682995697 1.8419292142031842 47.50196148057562 -1.148822144192911 58.53429620047364 0.05152912316743924 42.43943718547856 0.35464777539885234 
56.61358990045358 1.3545395646992977 45.19977837648375 2.1851365229453585 46.849516855031865 -1.5160568414471516 57.85303124402676 0.3579511199814795 42.09963754711261 -0.043661656248793146 
56.52740364466446 1.3492214885675287 45.18078530595514 1.0717790213411682 46.95010831524931 -1.375384128174639 56.634776783459095 -0.3616666696421623 41.70296824471089 -0.05249622073862767 
56.4664521991272 1.2307129659895077 45.137377732060564 1.9177884064217865 46.204606307232474 -1.3650220967974378 56.572209818116896 -0.5039861880512746 40.95403359725432 0.13605475519742352 
56.19903205159514 0.5133969425355408 44.64463819842191 0.6848491547826749 46.36150414791417 -1.4192271565839776 56.1627404010304 -0.10546000939051026 40.97269543021401 -0.6949895235449367 
56.55722888405193 0.6472406919395888 45.79917970837902 1.4163951725329857 47.21930221246299 -2.1574788485051113 57.02267702414523 -0.8126716238562132 40.95716352661391 -0.13158250618975298 
56.15835787966087 0.7185145548363893 45.68554396331883 1.8964072285044706 46.65959645646885 -1.1088937076628187 56.21788153950488 -0.508795807762928 40.55512988966861 0.3754705525584201 
55.924667051278796 0.665648602376248 45.31555807825595 1.456336498782393 47.323277926405304 -1.3169362106601203 55.9063762228195 -0.09141446683612414 40.33991426479799 0.5711428867533421 
55.73632188255236 1.4215222886635976 44.452940560081764 2.564489768161674 46.398763630469915 -1.4231364596366347 55.795131166695484 -0.17333462520007298 40.51835945995996 0.32781582326600717 
55.812647821706825 1.0925173261734928 44.61661278261536 1.5492537354581353 46.18523653572847 -1.3894128728238657 55.58477000344162 0.25060020403498795 39.60325127112476 -0.3110506417688799 
54.98216532484985 1.061306008253644 45.221313364641816 1.696074553713088 47.15855228399978 -2.3581034997232337 55.44724218384719 -0.8444187037345531 40.408180842136446 -0.22623786364921827 
55.48125134155514 1.3919182587297703 45.82517110233436 1.6195449493219487 46.308030025674675 -0.9706883355374056 54.26537659662191 -0.1469714436988358 38.70141578369251 -0.18555801499845886 
55.540463738839144 1.9587820613201798 45.612401557979545 1.2340200708804634 46.97074308963264 -1.2518474105475232 55.34195598743328 -0.5499208408877172 39.053865413528065 0.016220265362513253 
55.88823183965652 1.4633147727839577 45.34474437470234 2.2404815088819054 46.80496291384286 -1.6267705802485537 55.386219634092924 -0.05089686480125384 39.06966881182878 0.16905082980996822 
56.008580204163366 0.9281602110419537 45.529373395632206 1.738739743351912 46.99496118797549 -1.5675604006987738 55.16328468623903 0.2133189843099871 39.070263497798884 0.7843935120600971 
55.88106801938442 1.2459131897111544 45.82803167286608 1.7753389471094583 46.85652273698469 -1.5391649918778527 54.90333986159297 0.021811166388292863 39.34695277588078 0.08237892711975893 
55.385609136280685 1.1677263874413122 45.32663141884913 2.4120609866694784 47.1544816357954 -1.5065407456149476 55.255671402655615 0.1492861454248247 39.687976254282525 -0.2240806572011054 
56.00974012720541 1.405979871574908 45.552915328319756 1.8943523254730243 46.44540542531589 -1.74204589389538 55.303893955254864 -0.6591519718094947 39.65142800997339 -0.403029080155898 
55.62077587311769 1.2531840037252766 45.4601010447424 1.9423022666090817 46.69663450125931 -0.9261614858140973 54.35388881999948 0.09958543031934923 39.25482704517819 0.4201211260930934 
55.74530491482887 1.7994696568100104 44.78243589373255 2.4129105407300813 46.66541207491294 -1.2877535745560196 54.93089977968001 -0.251659522685509 39.67259601860114 0.18746433740036425 
55.52040427123242 1.6776569137906288 45.29457299755813 1.9776093359607143 46.98926941355287 -0.8899427530334091 55.400815449855955 0.19169143920753035 39.48836630423574 0.7986768325355936 
55.59267898472589 2.36683536498915 45.19611694992752 3.0762797055427824 47.27746859885144 0.12179559223763714 55.57740231896655 0.9009047442549059 39.73173740152172 0.960290351132846 
