48.28746280686213 -2.289341456810447 41.2897729393943 -1.0293908751129721 5.40510689670204 -5.039197817231252 50.2572737570566 -2.210376150256888 52.124207274484974 -2.0864940177202387 50.79422047812683 -2.19216268087423 20.879168347315193 0.24209622618827198 70.43894683014099 -0.9041410349636063 54.96474627737351 -0.7512621560227315 29.439247358443364 -2.3516381755125093 29.437023526451206 -1.6888789334369814 65.014388823507 -1.0679457399670342 
48.37370074167012 -1.920584059974465 40.785000544450334 -0.5973416010433427 4.851080719093084 -5.475345043430377 50.708157435527404 -2.5442570374522173 51.278972238655335 -2.66216992794999 51.460569381558514 -2.5994167861451274 20.302284742173796 0.6608627868046965 70.89326756232536 -0.6801944018344253 54.80938653492093 -0.5926043287682184 29.567345171192084 -2.0256151685767145 29.345683428644076 -1.5673810384974647 65.4150117794087 -1.0941953714598553 
48.55334292957262 -1.0530579734817127 40.635918771014076 0.17505485721049752 4.533094482171374 -4.9523471782181545 51.61704736392926 -2.2384704034833947 51.95956428039247 -1.8392140435080142 51.562058708387966 -1.9099881930543163 20.207625095592448 0.41596876443775604 70.20832643514221 -1.3785958264478972 54.23312749589204 -0.09825845391286123 30.270631990046958 -2.0843174366485377 29.543036982103335 -1.3248097512233539 65.44886414783028 -1.1432980847894376 
48.81503670174722 -1.4758109166890359 40.64814510238471 -0.27062039637733587 4.963105000929544 -5.252766711928894 50.716710186334666 -2.524779151525694 51.79386702803137 -1.8598534118814698 51.61716648281669 -1.373094395384109 20.483837379395364 0.44586001780791057 69.89897376987226 -0.6632928840131127 55.23931233906938 -0.3109018019244405 30.151425949105928 -1.9978065992566478 29.874332784736836 -1.6110609806562741 65.73879763501212 -0.5606054741398738 
48.5502075195939 -0.9172290173243717 39.62243199866302 -0.043441571135898846 4.7678111892516934 -4.514171647338542 51.69419736873351 -2.4366550652935253 52.161807901232734 -1.489428384896935 51.08479750335219 -1.649452950892963 19.912859763417266 0.3161157892739581 69.5874329227565 -0.20615067261307107 54.095141690435405 -0.17574843592481562 30.34159731763891 -2.0881432102129343 29.61573200435127 -1.5675387113460004 64.18420546535302 -0.6297123760888406 
48.47898859920497 -1.402649226873175 39.77711468365219 0.2956684069315384 4.539366850620382 -4.659989321187323 51.060429378014554 -2.367489012196307 52.09280983421707 -1.8562762103800357 51.29835834211649 -1.08762468822214 19.628380961391933 1.1275849429801243 69.40283628745094 -0.4050762555028564 53.53230818294175 0.1415783134708538 30.40365583554159 -1.9325045887469283 29.100147517396536 -0.7589950687046048 64.52030211383432 -0.4686631294439476 
48.666433076070135 -1.4554427907284908 39.03594233145602 0.20677078581392383 4.679485405415239 -5.31023743324264 52.72934166805887 -2.384105788915258 52.937360288769135 -2.2029635706407165 51.26757093273442 -2.233078139321385 18.061538513456732 0.45691991153356076 68.38110617056998 -0.5945518043999114 52.872181131114225 0.0990900178354795 31.288229753745362 -1.983946173552319 29.133020812836374 -1.8180940743848186 62.93710814575844 -0.7072187158191561 
47.7193235005649 -1.4886018263604508 38.4001364145369 0.30035852174548283 4.563768443225478 -4.646976606580304 52.35310880206546 -2.803780740602257 52.87820083040461 -1.6663626743401698 51.375753654750056 -1.4915634329674876 17.93411906357914 1.4115286159947424 68.10213593184159 -0.3323546359354341 52.404001110030045 0.17111808360027708 30.67266004499561 -2.046802874259588 28.40813867787483 -0.8241195630294657 63.01723481272939 -1.0749873088086086 
48.30643267808465 -1.367014873877787 37.270971257207044 0.27829195860560074 4.574850057328334 -4.310063819831414 52.37572305473627 -2.100042436866736 53.08178916284609 -2.2342044759190505 51.60320437027997 -1.6645321389943866 18.210944226670065 0.7370802336269063 67.77701408661912 -1.0700650631123942 51.535823663715185 0.4974870665660629 30.975036448672373 -2.2862033200718557 29.08058753087469 -1.9771103656100069 62.15414407514272 -0.7461046231855518 
48.28433848923992 -1.2321871436793839 36.387765503377615 0.5097399404056212 4.446545587855204 -4.376628310264843 54.019185667913796 -2.418152724630261 53.527263133608855 -1.8602953559754232 51.21645491762793 -0.8897867604152581 17.194127784055187 0.8872141133160345 66.69625446137726 -0.5147462016492337 50.913282590872036 -0.2159593215442348 31.78512517961683 -1.6294064122962801 27.717450990035108 -0.8010968807256731 62.278501533963194 -0.5928788858608358 
48.074942689039176 -1.5344967877270157 36.95638193262158 -0.5329024519491199 4.729726263977935 -4.904991558872453 53.245351395305924 -2.5479202007868724 53.7171421491808 -2.3227038029688556 51.50553986631705 -1.4064489529517459 16.953942864930774 0.6411397333805915 66.32910519479235 -0.3914720646768245 50.66914125596411 -0.31424210929995505 31.651767248815585 -2.209831133402445 27.885842226336123 -0.8872183612127713 61.60854629249952 -0.4913944312429212 
47.97894200775269 -1.1085178322801768 35.728535718403215 0.05333387754916197 5.107618960392349 -4.077482959538457 53.42118523624576 -1.9521737468348674 53.44476973399057 -1.1146197556186994 51.32152950934018 -1.4748071668197245 16.6321703614923 1.3914471716850114 65.81948665394061 -0.17315865340411207 50.153920155498476 -0.02957635650743634 32.34180886946424 -2.348003956323478 27.892015979358526 -1.3988502385085448 61.13417434985533 -0.04473206849837462 
47.12775725797971 -0.99245819162371 34.828027223338076 0.5221758248116737 5.790415651233576 -3.346493933649521 54.99505138693048 -1.6333402990765278 53.80190587335109 -1.4431177711632386 51.07237177535216 -0.9320143118195615 15.866621136123943 1.3625793161679294 65.31117352278167 0.7979825777737266 49.32044453881141 0.4004673496470866 32.41860607454271 -1.697574109469376 27.705447842897392 -1.018776975192872 60.254140382696505 0.15505489613718482 
47.21729148522546 -0.9115603291557337 34.46908016373857 0.7640838906185519 5.6734694847266365 -3.3699175663706153 54.871278220581615 -1.2355160640661298 53.58290029883163 -1.5990795645919111 50.74873590910514 -0.751941622796648 15.909361906422836 1.4908165895534795 64.89722918185743 -0.33743131820167 48.622039757868194 0.6379729896672213 32.121398621084715 -1.556815298227114 26.518892352837632 -0.5697791729574558 60.34801410862099 -0.0020208347705076984 
47.281209406558055 -0.8040228212944415 34.003886238638934 0.7731317356630277 6.373855124466144 -3.1142996481315817 55.22018660975144 -2.154157873648113 53.4368108267241 -1.2444642540562787 50.547112443493525 -1.0974380061438775 16.31534319678933 1.724996142851574 64.29900277702825 0.2421773282540221 48.25234328258551 0.47752812333307326 31.933001362043793 -2.1464604667286755 26.65619219096287 -1.281849531548348 59.16729794064876 0.12500466528237675 
46.61858884772133 -0.31826198832062413 33.58084348334209 0.34255950437904253 7.373365771585276 -3.1272612922971197 54.896270484177016 -1.756017849825355 54.16717170429433 -1.0190768395882566 49.86724975768817 -0.8642005007102896 15.588646996084552 1.7652162837768848 63.869020095899465 0.46944165854577086 48.54259710461498 1.027996932649166 31.91949017732704 -1.6184320436281447 26.193532025763737 -1.0804287408633766 59.06945000150178 0.3414832026792156 
46.709475333683116 -1.3922273844931325 33.414987831478626 0.29532949415908755 7.466087017631842 -3.9371619809314375 55.108477848775046 -1.818896941703461 53.65309545658139 -2.036282081732556 49.42241591206306 -1.295611521393889 15.60620524939562 -5.549877624539046 62.679036957592835 -0.15260526214384162 46.86291139502162 0.09657072175641826 32.267879002620944 -2.0954296351412767 25.699479996498592 -1.4482776501005081 58.237740910565044 -0.04924336016519859 
46.28225851839042 -1.1897907384372635 32.959883237268095 -0.2376315091213349 7.839276657572582 -3.7522575040494917 55.1955483131623 -1.9138890223553944 53.40444537319697 -2.386319964650743 49.31863970983197 -0.9972543433188649 15.873155914535396 -5.4221381189074975 63.365941859198706 -0.3734683475242984 46.85312118674253 -0.2651231333067734 32.89495571792617 -2.0388703071854355 25.495057548190157 -1.1921685231895698 57.609000259017115 -0.13385965458268978 
45.4551236769056 -1.3480819165621925 32.697417363334786 0.2791601255731232 7.933098244473579 -3.498760938545702 55.51049200944702 -2.66527021684499 53.76123370386287 -1.7751058634397006 49.965092734619134 -1.4961918100102107 15.79659573012239 -5.306859683464064 62.70165206773818 -0.37694040094320175 47.06669932489347 0.6880868174194419 32.761602388180904 -1.866984616803233 25.754400608491487 -1.4895476924901199 57.52556556918614 -0.23302763843815663 
45.82457218938178 -0.9920861675982751 32.573237883615896 0.042522391576665985 8.004879301454418 -3.919861790501002 55.08325106048139 -1.6714125176224306 53.318499828441304 -1.673213622081685 49.73957883381082 -1.5028118452925168 15.159475376017717 -5.395227787711947 62.905685221701134 5.177974150047393e-05 47.379213958717536 0.41458107807708344 32.626675819008454 -2.2923268304967817 25.7327775341462 -1.1920285602916496 57.34153668723521 -0.15159657364380957 
45.95606820271279 -1.6249109974818694 33.18151641208077 0.4152024311963304 8.62905509348243 -3.9024760351877372 55.255894402067675 -2.1118272863045204 53.695991896471284 -1.7098933444990765 49.60106137808646 -1.0480602672549322 15.675912339712593 -5.233569103308319 62.46108748773638 -0.2833127986132145 47.13252069586001 -0.08309501989277762 32.495505796696435 -1.6187816540836713 25.36761154574069 -1.1362737305794055 57.842238389643825 -0.6362902887284761 
45.96940380159113 -0.8573778663192932 32.519709779989995 -0.15683584036526055 8.48986380810352 -3.042340186402974 56.217016083500724 -2.029646495852733 53.32126011752467 -1.6935656680082989 49.959824368344 -0.6133507955086446 15.705574858527847 -4.9133825100270165 62.25166999979733 0.5371537018195932 46.88170147452918 0.40057199774797125 32.38429314908192 -1.5744729015469212 25.046789608757702 -0.1293044393373256 57.96881341669505 0.14492755321097894 
45.09350074218058 -1.5575960562642472 31.540488125421525 0.044464170000478906 9.761494558556128 -3.6426142149499463 55.80164762858492 -2.4994491271831203 53.495270610178146 -1.81672890857958 49.20147442497238 -1.5389596668905554 14.61104183718345 -5.420638315146349 61.13002381328391 -0.7279311919244273 45.90047596254634 -0.19936342409266433 32.7349701251394 -2.1257956769480413 24.89097907978392 -1.2912411635888796 56.25723789554599 -0.3144859962316402 
45.06677924912915 -1.8271200447448792 30.980272895302797 0.23105451962528778 9.259735684797429 -3.5934517509736232 56.51945418351826 -2.0301411785491474 53.61966749791865 -2.3425386680132916 49.531774094729194 -1.8950943471908428 15.092854241652608 -5.421673908365215 61.14303365913981 -0.37157129502501113 45.15533125290127 -0.21921177199984623 33.06845230522422 -2.238586452816532 24.09636726440063 -1.4417056412752216 56.445080221239294 0.1601817290240285 
45.88128371857945 -1.2227707423030154 30.240505917337206 0.3373255832765844 9.948824856908528 -3.8158800434758984 56.689522155585784 -2.138254077814524 54.13570404223367 -1.882246910641667 49.47430730486863 -1.4885721917009214 14.700572969327311 -5.010058538148609 59.91803737862644 -0.18981288657771933 44.751149411896264 0.7258493296728117 33.952019382979195 -2.2261766938678447 24.521018715241976 -1.0813565397050775 55.05639321647562 -0.44335546998432435 
45.4191069933432 -1.4357973242772597 30.256964100107393 0.07233396924685614 10.495751174500624 -3.7725405717791376 57.16729157555438 -2.048987505040882 54.29666771738632 -1.3321813373453104 48.9551292159096 -1.3413136830624799 15.531162231895848 -4.708811113887242 59.589246910428535 -0.016365647200301675 44.81856667951016 0.5770014276288808 33.86252566802759 -1.7290309503079992 24.746854838714135 -0.8940270773120501 54.952155724229236 0.2711408459196275 
45.31979016463578 -1.3260811508280086 30.02243540465041 0.08803720537567239 10.908840837438602 -2.8594548596725926 56.36742657396765 -2.1674097827738827 54.12323624171212 -2.13935815877147 48.87759140176934 -0.6794034666184577 14.419281150427558 -4.9773668036370875 59.32635296861216 -0.1277310756344296 44.563665366474446 0.6476421284231078 33.97902578098838 -1.3003444800598818 24.546802266237428 -0.760096270242365 55.20345270166022 -0.12844791421533255 
45.18668201803764 -0.9619246688504018 29.883490373390433 0.3935290796336487 10.900926221154306 -3.576933700250656 57.15498711836578 -2.242989412608952 53.78118252330643 -1.9183907282170856 48.900477454308856 -1.2222423598215 14.578537329923055 -4.829360166888603 59.22310800599027 -0.2500834683232824 43.653262466920815 0.06505569262651645 34.456078292095 -2.3303082052520656 24.217441841534452 -0.818552063820265 54.44969949179009 0.02010374297221293 
44.820509920805996 -0.7288272005466923 29.197253993838597 1.4173008349076195 11.169360600702204 -2.843273639358332 57.211105595804156 -1.183668667910879 54.696973999276274 -1.1429798278587415 49.186283357160484 -0.5999929525684244 14.24070943525436 -4.166323545393234 58.70622775334099 0.9547803799779145 43.17220124146459 0.7692931705898082 33.66666492170325 -1.0422109766047591 23.851217335354683 -0.5657584392463163 53.92102476715726 0.9719855372677864 
44.901098704776125 -0.22406408856832888 28.68737951902986 1.2737235328101901 11.173175073255626 -2.5414352216702927 57.185753965785594 -1.1599363145967592 54.43288746728252 -0.6113107389129634 48.80430120009444 -0.2227305407292754 14.797367914179427 -4.274801819271549 58.237406663431635 0.4539281472942777 43.69684071496416 1.4371718976516723 34.13148964698522 -0.9038848154016756 23.753119222548385 0.060598448777910874 54.01017972666383 1.1943242363913498 
44.65668890989357 -0.4127290400533854 28.67171411462644 1.4226772297216495 11.96384250368549 -2.1613041819617944 56.92606564991987 -1.0634746019785113 53.56789131208929 -0.656589040232788 48.31264546685141 -0.3410015732357653 16.04408264093921 -3.8092293308896594 58.49182396563116 1.1774120910265538 42.78585044147967 1.9554222687358673 33.65537987543881 -0.9203431490899047 23.42844024549056 -0.45861872697980455 53.611178369803994 1.041771642081191 
43.984307076276934 0.21975643639981018 29.373220017429844 1.4495658517494845 12.83154381015452 -2.552285979592719 56.50447972248547 -0.9904288149439984 54.10498552122445 -0.8028075382983352 47.932533705553375 -0.2739695045678383 15.43795242131596 -3.7563679485040558 57.592471202172504 1.56861628337505 43.141966507796106 1.6281420301645697 33.282055419496146 -0.8005952269298225 23.010663112513296 0.27194981859957723 53.43910437276766 1.1504070630878485 
44.49320033088966 -0.16187151591123947 29.24311519333849 2.0554524638861795 12.27675702297322 -2.180048525230708 57.21750583942341 -0.9985204489329694 53.2545821877879 -0.7348588292803966 48.08293998975192 -0.8529285767666585 15.808654035898419 -4.172878479775477 57.896756954717276 1.1345421817373749 43.232447175353215 1.7432803256535359 33.345302417012164 -0.5232315619486505 23.75071058843553 0.22215130988804674 53.251990976421794 0.17071930729470852 
42.8608559140115 -0.5717086131846685 29.621289118736776 0.6800315050389892 12.825867309353463 -3.2000844268650814 56.80026634636832 -2.1750480116801163 53.01104229455336 -0.9121655949172927 47.77453671532959 -1.1493985767081103 16.61393602668585 -4.366331147225235 57.80370098451151 0.3198200603816087 42.48873511161995 1.3759456183734735 33.03976689478474 -1.4178219965769583 21.750022274120923 -0.3688840247769392 53.01391225165686 -0.10192822520093875 
43.78897632718373 -0.5501802105025865 28.618160450908267 1.4097972002848391 13.502711019652907 -2.9425175574879328 56.93019989918113 -1.4960127381525277 53.47197901998434 -1.3121794760331293 46.469584917311444 -0.7072459284719083 16.508975938795782 -4.152749452257651 57.209120561682965 0.7904427155124687 42.870379684515704 1.2176236735437866 33.171218102773366 -1.7757438381209778 22.049880568282607 -0.8948741798413732 52.22370246228464 0.8282427340552143 
43.24406168186187 -0.4562954460767536 29.087061731306814 1.3940749207410084 13.392105148061635 -2.6673281600848227 56.29076737340111 -1.3378511369646708 53.168502748320336 -1.3722309088272355 47.30958940800026 -0.9906166402647902 16.599301731544486 -3.6575747881386036 56.91616700129226 0.5709355960541027 42.482952537186996 1.7350933058842815 33.13253831823641 -0.8983062307152775 21.976186498235773 -0.2992295050601195 52.50018432346739 0.024506452161823677 
42.41158727881126 -0.016720490083128897 28.978276350750548 2.3783838815994196 14.001444290359572 -2.555393199902357 56.17619056717217 -1.207357702104881 52.584533735486126 -0.7546783045351779 46.39027188531117 -0.09719636047252952 17.130694801262393 -3.9189849533344923 56.69764635028578 0.7371488099564516 42.824178329737485 1.6977940518744528 32.78893340339977 -1.10797734994506 21.151686580770928 -0.44584202764123115 52.404232394144586 1.1610490641113433 
42.17075545994533 -0.007445588489873034 29.227453399575666 1.6668061670552095 14.187972401740685 -3.2164242031553627 56.05927749892302 -0.49313749073412505 52.59333978809945 -1.4616710091715825 46.046485414645815 -0.40830693341621027 17.83522885892797 -3.8393502199020717 56.54574517903617 0.36056079151847886 42.32797959374981 1.087417612521059 31.761555318276752 -1.439201803027893 20.795884633246473 0.1946262704645323 51.543777069817594 0.40671369991684764 
41.45690162828766 0.0804279022622646 27.882770527438474 1.3847022351460971 14.742801899938344 -2.944745793806793 55.7342815549367 -1.0734365353981783 52.0060042438181 -0.9090740640086822 45.63730056820472 -0.6575191356190916 17.658244127870717 -4.047599429085422 56.23641622372412 0.9853664396028279 42.484917058466145 0.903283355451314 32.34014741644514 -1.1253003068427803 20.336705970286612 -0.1758624966546768 52.51882922962706 0.8766370586311552 
40.98258025274317 -1.0207424082647263 28.169207369416952 1.5121447307607292 15.953556028633374 -2.629882038658678 55.966045624533116 -1.754543210660584 51.486961816162534 -0.6868879467018738 44.95387407494956 -0.6339242104707992 18.237341855316632 -3.4347126483862342 55.275129902745874 0.33334197495298307 42.651027691958035 1.3837565694753584 32.82464470921131 -1.3708459926764474 20.112478119713433 -0.5640047225467896 50.86934276619249 0.7834346168450166 
40.19511413984599 -0.7695557107028731 28.44074800526848 0.5199556083804542 16.168122276654106 -3.426208539604043 56.285301392635844 -2.2011045579781374 51.88189251838645 -0.9798258367555368 45.204797002406224 -1.1070737081864714 19.04428144731917 -3.828471693759369 55.562259155489 1.061222988442179 42.76420575426946 0.7393716811080628 31.911946485495992 -1.8951468963854508 19.41602308804125 -0.6525614843150654 50.78383478738032 1.468305114067838 
40.66441855183288 0.019251892069111876 28.413325597457682 1.6376301261726625 15.773417919505091 -1.9334637927164573 55.72789865926132 -1.3682094931653537 51.68303728628607 -0.6304703791308299 44.684482410267606 -0.350832324181896 18.677267832312666 -3.581820204205197 55.34583833474061 0.962795923565779 42.659157275649335 1.230497912343183 32.24776403216477 -1.1680949714155193 19.729655731803078 -0.5589374727315075 51.156700157877246 1.2260093161391785 
40.15634520119659 -0.6636112872361961 28.39084942011956 1.3560613038898193 16.118054993070288 -2.8463754773530474 55.53666545799778 -1.343267230315568 50.85144919398189 -0.44982858611866305 43.84097405447109 -0.7533261969897993 19.334736758896554 -3.4239615625475706 54.9849910701963 1.3508825910353222 42.42597946165511 1.4880226800068685 32.16045459146907 -1.4555677616097433 18.995330283181982 -0.5036820712703238 49.926624167382506 1.097599612089808 
40.0571118409126 -0.49823047120959296 28.463682975180625 1.74770227653338 15.766882000815004 -2.7230794576717017 55.75254377389077 -1.6129280568717888 52.07446680319144 -0.6496960197982475 44.82318528380857 -0.3399704555816663 18.07753785293762 -3.388800578137896 55.27491854714198 -0.030531087682668545 42.51148876792821 2.0156629466121627 31.92964550661124 -0.8011333343991291 19.086136877480975 -0.601540664849361 51.197820642409646 0.7007665007967776 
40.60785019740762 -0.267028791330005 27.603678166997437 1.3874652857297771 15.730145995175652 -2.3612343245987 55.362667213596154 -0.8551675064713491 50.825217677452706 -0.7576903841649042 44.610241630503204 -0.04692507565905424 18.839945581938004 -3.061409059556255 55.508014174393274 0.9459318609664813 41.97499924096635 0.6704740903792805 32.59757993436867 -0.47369607911838185 19.09850538943203 0.1114659884252428 50.305000253400365 1.4220830907676798 
39.689980449255316 0.6806984166672267 28.35490016257065 2.0821061527581937 15.873528243825945 -1.7473735017301462 55.76228607506051 -0.5316543282265213 51.1171739028778 -0.41462492000295137 43.6448035844731 0.31188393898361105 19.238447241959314 -2.6982962827571453 54.746690630882995 0.8379580534691491 42.223306963056835 2.2911004156936885 31.90739985948925 -0.49872965760048976 18.7789324426466 0.26327179824794966 49.97014854748371 1.647600917286287 
40.16831156972198 -0.14215550779716196 28.195746339756703 2.578463583160792 16.152829928536676 -2.1452845432215817 55.66141184959144 -0.5816845797205837 50.74562124649534 -0.020331151320462315 43.792282129363194 0.32862302318196374 19.667246386107482 -2.7551204383515073 54.356843782466804 1.493485100605263 42.036573259857725 2.2430541232272283 32.59172881550055 -0.6936333173294379 18.900697899678413 0.36703604623510966 49.626497880189 1.5971975991813114 
40.32410126406981 0.09963170485133041 28.340409505142798 1.687950323898081 15.996806297521777 -2.0817106274505823 55.26791152632931 -0.9132413258095099 50.867900380472875 -0.28255016724589677 43.86713177998618 0.44772793652238124 19.87448572930082 -2.680347199759805 54.74476636577704 1.1644864225020797 42.182385155245285 2.556868954711201 31.901567004394526 -1.076194108069732 18.873806815672324 0.5282289112929621 50.082586412066746 1.620810782377791 
39.62652851308287 0.32443027873506425 28.587783736082855 2.7390395887894847 16.686729268085973 -2.0975663644138756 55.39714231620551 -0.6128826045306679 51.32544680313674 -1.0735363402404063 43.211926575653 -0.16019282953621994 19.531910867732737 -3.1035866055453276 55.129789092305344 1.3000083981507204 42.60995921494677 2.288039254203498 31.71945965053521 -0.7511201618913288 18.351336330264672 0.5455833619448195 50.34493779106966 1.9695843356186864 
38.8910137043574 -0.46525899826185524 29.042210219166144 1.9575755680929376 17.14680887268631 -2.577179419035132 54.911496655255306 -0.6791462108642508 49.56689154604201 -0.790408421561678 42.837494305143764 -0.4270159620844472 21.242654257243604 -3.2550956943471405 54.877271907756395 1.0354006375822784 42.955859002034 2.1178196200546084 30.969290076797368 -1.4209387833476572 16.812402108150884 0.15587517721974642 50.24771416359128 1.4434262244608234 
39.003554652523356 -0.10844030963785402 29.069661612538965 1.3336505142897264 17.11538597868132 -1.715871676955161 55.31599374347865 -1.0151901153385945 49.93170020502816 -0.7988289962069416 42.282859495578016 0.07340523309394303 20.173939889784133 -3.4678129051229436 55.139008570434676 1.1923869053092369 43.360755657851186 1.6984252089727185 31.016944177137038 -0.9731693157936462 17.49765826930854 0.5399861605746268 50.14565738706206 1.1533043042867948 
38.150108999946475 -0.6779904616153345 29.15366568997135 1.908031950153703 16.790021610836682 -2.71585297023733 55.403432778282195 -1.348484066130185 49.4896459276876 -1.0056554561566518 42.5711627869282 -0.02455232988627898 21.076591493065905 -2.861362093048137 54.745685382803494 0.3808968335277394 42.69852987877464 1.3450862881922427 31.01599834798564 -1.0981444446012358 17.43460749339055 -0.47185159929427956 50.114361153285614 0.5517157525145722 
38.03982624496918 0.8567179694151408 29.547701371018768 3.625881007186056 17.558949435519718 -1.0264046260647104 54.1827918938249 0.25672530331992094 48.93807163865171 0.7523875519483767 42.11927705789423 0.8660633307683208 21.305794133393274 -2.436136281064399 54.68217262055336 2.640458720230217 42.96760959076642 3.276267240886231 30.28995422015855 0.14698103337708376 16.781927251010007 1.0607611066185787 50.26629405240464 2.86454028538975 
37.57208423459699 1.1935358311591562 30.34807829513379 3.338333806257661 17.272931106527196 -0.9535798052613129 53.3284471584132 -0.08258136633216032 48.49265093447439 -0.15857783628894462 41.76494426659348 0.5698126568714478 21.543657674147376 -2.5617955276504807 55.18172066815172 1.7725807604118367 43.77705558474406 2.6856206100694457 28.835530128894113 0.497512151501625 15.9877758317989 0.9237766174867474 50.91433993699141 1.2988238165646322 
36.76763022137416 1.0772881963316845 30.447422065328865 2.846827403347659 17.116483662906276 -1.786056153202287 52.45858397802603 0.3963594235601566 48.177664134348994 0.7609530754294463 41.01005033526359 0.46390091198189465 22.19429255266379 -2.0848636278917043 55.87260410831999 2.474902839759932 44.326530044226935 2.703019617420911 28.832088921582724 0.12313115950125886 16.406748924071998 1.6821912256933003 50.26510190130758 2.0384891660199633 
37.05430993460418 1.2771706063125166 32.01521206487145 3.111853183182878 17.0357978044783 -1.6213007784089113 52.34299864437651 0.06437269913596012 47.700010648676354 0.8111364149693396 41.16771868199579 1.0216973478447602 22.42153010170843 -2.286404878860586 56.30864917034886 2.490003025780601 44.62615820515603 2.821316552210294 29.029466824747562 0.27397511570530786 15.824941855996464 1.591128072472323 51.19640293819552 2.967674255135593 
36.837135290992826 0.8935223882177727 31.982725576021846 3.2668864422581647 17.338807758526375 -1.1343770934360184 51.798260511202244 0.42301591430358926 47.68305814755531 0.2108475795896495 40.59494528110237 1.1386038687709166 22.681647069335753 -2.4917230437835975 56.66896697243413 2.465823933449276 44.975869714515284 2.5939892344510036 28.289903055544794 0.1466857721028561 15.786978891451941 1.188048184727991 51.216931405200675 2.523021421892197 
36.11511269175491 0.8772705722034513 33.54602432863887 2.2439668374320334 16.956037561864175 -1.9994511708885356 50.686082084686106 -0.10279140155923022 46.74915570621092 0.29123247488245035 39.695191957140544 0.1481423156579934 23.24065883119574 -2.599044368093066 57.04535709061556 1.858253414006279 45.78857700992419 1.9583701734749137 27.422852152694478 -0.07120978941203315 15.433132755713155 0.5837620772513264 51.84798356413356 2.0309139569640804 
35.76372637309664 0.5428859400749825 32.78205195347157 3.1156371219351495 17.425549687855153 -1.7479449168091663 50.743527005080495 -0.060881635045134025 45.878763832823566 0.4017721636264922 40.063121524518 0.49499763110246725 23.816947498707357 -3.082182321350907 56.30590918295812 2.1957773314727516 45.630895527873655 2.718231295696645 26.755101421222577 -0.6013602641781342 16.133935859071684 0.8130782243477785 52.399738427279665 1.8039852285723506 
36.095965661772574 1.185115187528887 33.4919656389978 2.2616365349824283 17.388418002576444 -1.866849474917411 50.64621599251262 -0.7232254090123948 45.611874986198494 -0.1436321705446746 40.11467977474452 0.9946019990648377 23.987132092772132 -3.046348497572624 57.33242570079687 2.1481855952362836 46.33313101117385 2.4386015438288333 26.486260806766676 0.1042070519887533 15.393206181139858 1.2056329141432687 51.97126416631475 1.8592365637152595 
34.582562353557734 0.48629590215235985 33.54763126233341 2.717271556539498 18.051513428262965 -1.2978559948367647 49.82666528828275 0.32780581360968397 45.384017232096916 0.13501875256735196 39.946515808342376 0.6559767062806807 24.590523678452822 -2.41455378566833 57.25712312268038 2.0732908190134816 46.654404416646294 2.742247031545849 25.544031653564723 0.3971660731267292 14.649639970710279 1.2904253472770042 52.67360607808613 2.1343319418948137 
35.17630962564116 0.7983490429399454 34.631163659271586 3.0267467457369897 18.43674623612685 -1.844992014224633 48.91025548005792 -0.12879966724220038 44.243469321913786 0.6946617105473485 38.98387308315374 1.1189428945312794 25.053177881052136 -2.0661182788700825 57.3374113102205 3.074439752876118 47.86767782692369 3.2597705486527886 25.127553377377684 0.5234341705084403 14.977475531663496 1.3356532745273462 52.60907210379191 2.301569766424275 
34.7391852963311 0.009876529288604607 35.40948018396616 2.6622083354806305 18.20793282628905 -2.9401422977765965 48.814832069371235 -1.0536206625332318 43.84458930024343 -0.917034462006018 37.72088458702879 -0.1822119101359005 25.434523430432066 -3.117016842723044 57.99843786723912 1.7385902809732061 48.4191420972511 2.0364137887682054 24.51252454530418 -0.2045221555622892 14.028204857102825 0.22940269848945044 53.3929163210916 1.5615103693220804 
33.88574010565759 0.3495082209474992 35.631320830786834 1.4941501633012049 19.01471632090509 -2.758884695447504 47.938648245062794 -0.8570722959793184 43.45338259003994 -0.34590915196423166 37.061329270741425 0.22236379525721459 26.358500820310265 -3.492416031855078 58.382410931329005 1.4815367609941263 48.37617603967128 1.6113471634310819 23.882756331086558 -0.805327180678505 13.204690803160446 -0.21652138037452273 53.35076565522489 0.9994967740644328 
33.96231629627822 0.11604450567618502 35.850517373685065 1.331558012959225 18.46699171377968 -2.755414691694928 47.20942088825945 -0.5042652777411005 42.94119033195546 -0.36219490930443643 37.61695760388037 -0.25823658337628913 26.27781362714195 -3.257421846233465 58.364724373899215 1.2751069909958501 48.70264099317669 2.416099700697367 24.107859319840053 -0.7375250053838052 13.72018974724864 0.3449159513469769 53.47628092117419 1.2400053704512881 
33.283968286172275 -0.4808347652155442 35.870325360770494 1.5675382548219228 19.17825290583898 -2.857272463301487 48.111598646669265 -1.3622359747337411 42.87224674439228 -1.2554447992806899 37.1754257479932 -0.5537191500671513 26.856521385155688 -3.959836810013468 57.615470044520244 0.62681489969797 49.1643866362897 1.584163211933058 23.898224742117183 -1.3516298676018281 13.669580785239704 0.09610556004883103 53.104917323364766 1.1088235611347543 
32.28747775380379 -0.15248503595444723 36.0763931420116 2.2289940758112943 19.11856301915055 -3.205557861380451 46.96980152765545 -1.3616880013154824 43.4454087746921 -0.8060156163186258 36.924585430922946 0.23525821994127094 27.762831462166787 -3.2392744879390047 57.965801452328094 1.2142121895325637 48.42485246079962 1.8530430847944963 24.178270303392498 -1.0809611876952883 13.094781950158254 1.27099070822534 53.257879195703964 1.4520578468834426 
32.55104543323912 0.07574559228905486 35.999118354677634 2.599252318601795 20.538790017536876 -2.2148369520242586 46.68199234645992 -0.7445754746485777 42.50772792883544 -0.2972130314583816 35.784449863705774 0.7286960248254288 27.924899669377545 -3.0932300573621716 57.97966689664726 1.5981118723465186 48.31473454473135 1.8609713549447342 22.958471772967208 -0.04788561378754874 12.189337551464035 0.8248234181620371 52.57690764682654 2.58444378941129 
32.397714367958834 0.8121280995604248 36.35256486952724 2.5093860375986434 21.043366335713234 -2.6508116891666136 47.30333863047537 -0.6040786560151666 41.22672329103425 -0.7300521221596067 34.90677279601387 1.1514021475671572 27.97112999240369 -2.7117066830355565 57.75158524945879 2.052118477628801 49.325188561860124 1.9354150397106813 22.103182085086544 -0.05682640800173572 11.717921888796225 0.8461529518322505 52.918639915018936 1.8071520069650056 
31.389875741665023 0.09531194115883801 37.23409636202211 1.2860620101088633 21.473118724077036 -3.2977517158243956 46.128538077313564 -1.3983954969516268 41.23857430884276 -1.4632406489832317 34.635501867236485 -0.880797058175897 28.95112511429073 -4.231194047864306 57.3017088437911 0.6699575437735001 49.61525031025225 1.146588976800055 21.88669636991672 -1.370359123585791 11.701634015613715 0.16595956411569124 52.50090008521354 0.7153375107154257 
30.206119917363512 0.10685644524243125 37.00779792305983 2.0822549876761394 22.76199649878078 -3.3242144415980146 46.02286080734898 -1.3167578282660095 40.42252963128269 -1.009991108203504 34.203171255788234 0.09052244035979351 30.060523240380622 -3.5159010902235917 57.66599184134851 1.5187925072199657 49.54247825066629 1.417856932457695 22.39324365481392 -0.8058509365806888 10.570186455313104 0.6213658920752593 52.199446561383525 1.22250173677174 
29.360915476819738 -0.3660902387192754 38.03966278351895 1.9621081109643523 23.672609494523 -3.314978528343241 45.445856645228474 -1.861147899643526 38.55123283815592 -0.9573114742439592 33.4063518327801 -0.5886921140922816 30.373032718300863 -3.1699002503996527 57.01184292899043 0.9325877692690312 49.52378051411929 1.8162326733815268 21.852071556056888 -1.0837954325209516 10.422975991651894 0.4955024862475979 52.1944268004904 0.6231000755515789 
28.920682117419062 -0.4964704104457659 38.07101533644736 1.7693036813900438 24.12627307720791 -3.5099566833637117 45.863221792858454 -1.978129999756741 38.76588640192608 -1.0584359501994918 32.403626889321146 -0.8386857050334362 31.67033690183999 -4.862464847364877 56.917749321653616 -0.019409560465269426 49.35630625245975 1.4941564950535702 21.508702091324974 -1.483996058416695 8.950995043674958 -0.5135365350475575 51.91071749669075 0.590997453927854 
28.591321475217818 -0.7499067869588721 37.747157027936 1.4814648610405674 24.27976100410334 -3.441071592951363 45.67414071987488 -2.1020390465289696 39.182705360106866 -0.9521119149680597 32.18418126861434 -0.5581990168525035 30.823489151234543 -3.919249196591092 56.4423480989847 0.8509028161565144 49.672631118834865 1.2068090629555426 21.792611698265098 -2.338571810275874 9.634110930844002 0.29324984139887145 51.79676749546394 0.7075887333677405 
27.5440022665846 -0.14755759748958563 38.231726379887576 1.7159922518279422 24.548385110699073 -3.0261273593175266 45.368394057123034 -1.4010271917963588 38.93293414962522 -1.6534226379997954 31.749476235076095 -0.4201453714638326 31.931594181979563 -3.8817263077153368 56.169041045449795 0.589939628891518 49.40833280719115 1.6326346634104443 21.34332684994115 -1.566186049510375 8.18513973599006 0.04816170408066125 51.18330113802181 1.357929394477439 
27.323326374123592 -0.7797446681344635 37.25540365375501 2.291726687024193 25.002798095330117 -3.511965153775254 45.40089359710511 -1.6129564054819003 38.784345686451644 -1.5143849951141013 31.12499794102457 -0.27196302823581475 32.45482496841049 -3.664402177432601 55.26339860148978 1.1084000113039056 49.92015123615815 2.2644963338926662 22.11402141949215 -1.6653751985595509 7.872322801014376 0.3119706217054477 50.64843737450582 1.479600000688649 
26.75719381548776 -1.2348279993701938 38.236846169705984 1.7755981737356492 26.11311094089445 -3.6725941887685383 46.13415355949194 -1.5181293880354545 38.503453939170555 -1.6859248156777995 30.350231524825226 -0.31421434253709435 33.45289013850852 -3.6706912674359193 54.25048431399125 1.2186069559517616 49.99254145185463 1.8168067442309355 22.006992193114954 -2.2876354037000333 6.568608152915993 -0.011035288988263128 50.053810031405064 0.6172527173903124 
26.655336266148876 -0.31803590858075675 37.78309843377241 1.5330283941482192 25.558278117378496 -3.4327291278907754 45.953026716316145 -1.8119820723327038 38.779694745543544 -1.2215633324241568 30.517661981999982 -0.8998309578206145 33.017478215844115 -3.6594135816696127 55.194173400017604 1.2999139623731495 49.41135486224159 1.6198631383802016 22.2475399637787 -1.9271669797784683 7.521741299734305 0.38957525506850044 50.57714925854843 0.8334863131955869 
26.285078460258386 -0.2528749188148816 37.77187583843942 1.6134681757305827 26.09560578175531 -3.2161327876037507 46.11395820817675 -1.968820733586735 38.19584601743042 -1.863913390017153 30.433346574774987 -0.5851882179164598 33.550374825061304 -4.079267209761076 55.08300295463195 0.7269136302798059 50.12357424282256 1.594284971116202 22.288447491002884 -1.838539157334618 6.873845064813084 0.07230618854910656 50.45867876773653 1.01582448500237 
26.756517771859816 -0.0009230798775318738 38.37181615668039 1.850152949746466 26.415098719290967 -3.458330007140971 45.496982034763846 -1.578689515668667 38.65512580569441 -1.9491055363159129 30.147690119988525 -0.4569849082579255 33.510763112584215 -3.499887088505891 54.65643922796304 0.6177110423173738 49.828604184763115 1.8123588846198047 22.61390028992279 -1.7842006690867667 5.726902905097103 0.7331893059867843 50.66390166803507 0.9678952355979525 
25.84146561504754 0.04927315217410208 38.2384191087146 1.6457061524393348 26.899099905150152 -2.58151116826033 45.479647239404926 -1.541522574656683 37.356206743191514 -0.7616702691849857 29.97056738902665 -0.44121011874841753 33.08656740940489 -2.9964752776977974 54.91391926868686 1.2163658057088875 49.14680068099296 1.7256882823164734 22.151210924439493 -1.2174416996478696 5.623591746918981 1.302426498084968 50.23680768985708 0.6305968529384878 
26.33542967772099 0.22082419446498291 37.975961453487294 1.5320272699734527 26.389199131483753 -3.198551366504029 45.776480997225846 -1.4649939388059252 38.651618955445755 -0.980273345229423 29.817415373491425 0.4040848719587472 33.13058973710908 -3.298218223424643 54.87735684460028 1.687182817690633 48.983261260913416 1.732102348570397 21.96752766074337 -1.8276750532113795 6.661278749449117 0.9301369014371776 49.653261128173405 1.4217437673479092 
26.547666333251616 0.04184709933041228 38.1022183375509 2.291369973122728 26.783062118071243 -2.340128199544469 46.63181926336648 -1.0170665807766412 37.80812483214387 -0.8616652304403769 29.884490368544903 0.12962952455775384 34.04339848257112 -3.556013293277602 55.14234167788186 1.948283978600791 50.05986462131044 1.7160214524031505 22.440088792574045 -1.2842000592479663 6.355312933472415 1.0593668264845775 50.10155961106763 1.8325432577017309 
25.4246838514039 0.07935859816148505 38.195517159899126 2.2126401863959533 27.021246902144938 -2.841430356112602 45.78239446215544 -1.4627481873053516 37.677101641705704 -0.7821811165955621 29.202545698567636 -0.03793498164433863 34.386684872243734 -3.444523791442493 54.98634757845409 1.3683616903049496 49.48467782783145 2.0823167610046602 21.680887637860568 -1.3178451973661467 5.340863891592665 0.086133547526692 49.511450206779465 1.9709944825269337 
24.09169202722398 -0.4662092493228068 38.18007747953027 2.1750702679313196 27.792155250991982 -2.718314213053908 45.368154124490665 -1.0727250218407884 37.472336498077304 -0.9431475467850019 28.813098858413984 -0.7513037241728653 34.92080949483423 -4.2943243969872436 54.55296143186321 0.7586339254681282 50.338152352690685 1.6503713147625096 21.112641375186445 -1.6651713442223268 5.2340562007393805 0.7850034609245761 49.88149429985719 0.9544183960956661 
24.392023830571667 -0.13695662738556644 39.44700887460905 2.1230984986799135 27.737747645610664 -3.069426385946056 45.379069692071134 -1.3877107943505325 37.967532222534494 -0.963203267252812 28.687226672578685 0.08506551551751712 34.698510737224 -3.51759099173419 54.348465203872145 1.1920552468434644 50.38607195971127 1.986356835417978 21.669189524993772 -1.4817312024196077 4.958538784951764 0.7825214236851201 50.01657560765041 1.1065127782395927 
24.10789102009155 -0.7764372966009967 38.67206786291874 1.9842304543952 28.70900198533215 -3.5593919192085095 44.831866214607395 -2.248542873597642 36.64701280619677 -1.7587208116068394 28.0889112848997 -0.3707502987372444 35.33796316788372 -3.8725958062491914 54.320972739838155 0.8510494691974948 50.25298367073993 1.5087981318987025 21.83717873881755 -1.6692377572533803 5.216303269041388 0.4950930899001871 49.37441520109285 0.732865352209958 
24.008520493985635 -0.5135205764403805 38.89257296739317 2.638783981368607 29.066448638717233 -3.646286242695029 45.275380950031746 -1.5724645252830594 36.30987646423709 -1.6649650155000324 28.184362380305032 -0.8835749234898196 35.63998496411385 -4.365524994100774 54.662386976118945 1.2362027099956938 50.1474925098657 1.883751225781572 21.832762980192324 -1.8720818717895207 5.0384453258978334 0.436405934262042 49.46730514094137 1.2777903701669642 
24.53706263788545 0.13368334348468186 39.11465590734563 2.2428704008028846 28.820290592651084 -2.618958538442937 45.47207169121729 -1.3237032076185102 36.64032989113198 -1.0461802556269377 27.938018477095454 -0.4297949661576074 36.427428989198425 -4.12659102157435 54.15524473956369 1.2801878806849114 50.85487338405019 2.007202219148599 22.238956002075845 -1.7612794068625992 4.4475345924357255 0.8347933935918412 49.4496062553807 1.2765093554655529 
23.157200142847017 -0.3004702068044211 40.20894960982586 2.3673111796640884 29.53385484142715 -2.391679702864484 44.85738648517202 -1.2143847422551166 35.87255040538233 -0.4812039060032808 27.105603567263184 0.10543637329395594 35.62466509660764 -3.0832533232762485 53.83171938845708 0.9969436403886895 50.41296995409409 2.038954421403885 22.227079820716302 -1.6410227049179675 4.982386951797039 0.6192059011296588 49.4897845047073 1.2400123753474304 
22.349679975181886 0.07361807766249237 40.393445104627496 1.9687753214354997 30.471155332366834 -2.6151406598231772 44.64810788984645 -1.3006775154235355 35.962605908286946 -1.0701672609564725 25.944208053112565 0.14948911758511674 37.439908478964405 -3.4164953790007533 54.29131900309247 0.6935279823879417 51.307356525244614 1.7956175969842938 21.638570761381526 -1.7585311847984089 3.3667786761785155 1.2412660086046263 49.45756844030453 1.78414642664781 
22.398801971793095 0.24287267490068118 40.3934197942956 2.3097383993458833 29.94674261987738 -2.7892593871412528 44.78830677144629 -1.2124138249153404 36.34599203541977 -0.6308474996164664 26.527701165431054 -0.3058314595605024 36.95124588731813 -3.2219170556943326 53.83154799784865 1.6723812458029594 51.22177802123104 2.368860162067668 21.57593646651249 -1.1484229782543567 4.063384402554666 0.7378452995410671 49.18676770101247 1.5066922816456405 
21.124577589786576 0.0841525201175488 40.61442602005518 2.240018029078122 31.42888101427774 -2.905636953231817 44.51752958257952 -1.5233057561971337 35.72061077602193 -1.4558199119189887 25.769425585049675 -0.11604633637819889 37.92936954720614 -3.623042114507766 53.856709028350835 1.2703222045492508 51.97876455050448 2.295448789477538 22.109248324516177 -1.6126904347339255 3.412249016807425 1.307441582766267 49.1228759585839 1.8573195667620783 
21.576642671001768 -0.3539148669627453 40.52998536827147 2.3940364653809683 31.196917766812675 -2.6404850465781893 44.10355570717813 -1.3820850020933448 35.334811080226636 -0.6307407263755808 24.828064049360698 -0.149845367340667 37.845701815031376 -3.4281389034349488 54.63627808837781 1.4585322996841699 51.84243127242302 1.9630001352623918 21.223184169644814 -1.4857942333669023 3.473029951778717 1.1814813977548277 48.907197092237745 1.5770623035799782 
20.53270622878911 -0.15281224099272858 40.9340043026212 2.2271321759102345 32.24979493327289 -3.1666926751865097 44.70565745584135 -1.7795416535649586 34.92480779677107 -1.4656287082616553 24.981591971305008 -0.22703175611190174 38.68768975189452 -3.60093845264917 53.98451383742588 1.037963483430366 51.444707539618385 2.269547420650668 21.54596303236443 -1.8364188226087865 3.619407791985968 0.9217976905765122 49.02889820088601 1.7358244103656282 
20.557416777434675 -0.28952496869130645 41.291419377404196 2.3614114570835953 32.11940959573933 -3.1127746633487354 43.97185162944661 -1.5294737240736294 34.891957048850706 -0.9446739614284436 24.240596371203942 -0.10579991214030685 38.44239912337265 -2.8364098737551853 53.757011194190234 2.000244714742932 51.8072843329331 1.8221101696201933 21.456292892662194 -1.7728230224547583 3.2298320553133064 2.0037714110376426 49.53056595243089 1.1666679316499728 
19.368023439282133 0.5299535232790233 41.47499772215765 2.074241833738329 33.551335151862666 -2.3034570368365643 44.336869200134956 -1.2469345447392546 33.49216340657548 -0.15171764648434694 23.323829814014616 0.27690993549896803 39.620946828105325 -3.455073266874574 53.97103371346232 1.4518379434406743 52.18610636516598 2.8448465958925326 21.360733919762264 -0.5236753636084287 3.275407939253639 2.9187642452865066 48.846837021470826 1.7332152618283498 
19.323897129409723 0.45906524568018303 41.495149641037194 2.709871820603209 32.611539465431825 -2.8486369346868847 43.874545684860536 -1.2147643548359568 34.39287121753214 -0.3759868225522459 23.65613692097583 -0.004389413811256071 39.7820097794284 -2.9081943015810237 54.146438893674926 1.303400768166246 51.92709051476151 2.630941417385437 22.03717978811825 -1.3421389246428104 3.534779095348941 2.041126187462399 49.307462792270215 1.8482162019303683 
19.50530448567754 0.24886674680927212 42.40885928884682 2.409878865432062 33.26075725355207 -2.7764667231796425 44.137863194710086 -1.3232619253774476 33.692982538118784 -0.810687388698732 23.44837032990202 0.32210928443971587 40.213912025689865 -3.4528873404862157 54.71083446974115 2.2666149192473704 52.34266593548071 2.511073442548658 21.63874334384901 -1.5027613147645997 4.749626616251977 2.797728722097009 49.709852852985854 1.626845345949054 
18.784427562164407 0.3640143726440519 41.962282684603714 2.476082814668471 33.58453121908316 -2.41153407964008 43.508849558905915 -1.6789879711040057 34.33304267519913 -0.5104379769389452 23.08750758112519 -0.2697160747353716 40.242298812778145 -3.416794911815325 54.00923071226461 1.804013232046493 52.60137787939398 2.3435564624215974 21.807727989590646 -1.7912429664822693 3.9308579680621243 2.3723968339665404 49.33848402812137 1.6457186651900415 
18.41649557280393 0.7098770831867733 42.238036555154494 2.425148787398167 33.433452535681816 -2.7044875570554785 43.41996258438353 -1.1272261928668201 33.49454244044277 -0.5226445529153212 22.686173446475333 -0.07130520111448964 39.9212363661732 -3.1061367414800283 54.084367778542756 1.809478538995079 53.03382255770123 2.484013350768166 21.465336508560327 -1.6272875519039323 4.425894581529869 2.2390868456746724 49.25426223793487 1.8617454572220926 
18.882398881335153 0.34818306867573334 42.28115888977948 1.9728767301557748 34.14826515884806 -2.772770783777775 43.812500670146854 -1.0293330023324154 33.69997938538926 -0.5535794480004598 22.700720890521833 0.07074209416323332 40.31014627481629 -3.2097135600181836 54.088408609088056 2.8251008553517645 52.87853613087259 2.5544146077481122 21.477471477866345 -1.2863929407127923 4.624760771667842 2.4036806881753963 49.50018058626648 1.455681005464449 
17.75402847354473 0.014041101132507314 42.95378546329253 2.3022258187985316 35.377914309692386 -3.1562516382519306 42.666691990354124 -1.3289524493249762 32.63581437216621 -1.517262446434679 21.855663097869233 -0.025454230918280446 41.05415405620394 -3.39105357920343 54.52783083437084 2.0997855884515166 53.40016444616128 1.8598595450497342 21.19347809347194 -1.6971600910768374 4.530087465434148 2.068241696753421 49.57339162639124 1.5662383385963128 
16.925711586505727 -0.29816989501899804 43.404392869794535 1.8071179496481353 34.99943279844765 -3.619832635391217 43.888630289535826 -1.6463725440562171 32.872105605263464 -1.1117363992413685 21.503322405959864 -0.6543529418870877 42.18825314306941 -3.825281425315685 54.19847969279454 0.9936836526763234 53.611009459841235 1.817313814685878 22.142944411689072 -2.4779936457526914 4.786651982925235 2.0538528063115113 49.21124654148652 0.9127700642331636 
17.327505689504545 -0.21949938045135847 43.256587610043944 1.9050584621624136 35.30235207317231 -3.0596088113628523 42.905724886133584 -1.0724598694098546 33.21770160362911 -0.881227248064605 21.33431142882554 -0.5497970625977674 42.34359512522365 -3.6230024528534237 53.75723981104602 1.0829867458274212 53.1520684081938 1.5070952866843808 21.019635847612058 -2.399567500747047 5.272272564357283 1.6312736752467962 49.463006712344956 1.8165134641384961 
16.90910628434573 -0.2538665284234629 43.880381491001486 2.218467659862647 35.095215171559 -3.4800437616238846 44.04010326664648 -1.3169314226792643 32.447870498190355 -1.1352474191974071 21.311811144832504 -0.8501241354295542 41.7361112607389 -2.923222854246693 53.49441862396987 1.3609887716234028 53.4040565125067 2.359411734479457 21.39024398145954 -1.96883016614164 5.236273835308242 2.040839789778751 48.75496613244652 1.332722363946742 
16.31337270524387 -0.4266691105112281 43.46467218571322 1.7612192251890018 35.59449477070094 -3.4999861755785244 43.68946908602858 -1.9879333626829097 32.238322505533574 -1.4297964881425347 20.80459009896714 -0.8117310150418517 42.84074360769786 -3.2903984814044342 53.55019085221738 1.5163782492147644 54.121656134400354 1.9904906595664615 22.54616259603196 -2.0759988382637067 5.479986674145906 -3.61650920441436 48.9315215243412 1.6987947681924183 
15.307907890970199 0.44373277379437825 45.11194036917616 2.960113002596566 36.47998597059452 -3.2952971940827984 43.614291534957886 -0.8730377305851594 31.791409020554056 -0.9970749693608223 19.497812218976936 0.19001031309976157 44.658504316300935 -3.1921634424989778 54.10887677631137 1.7246579844809273 54.35821098534316 2.648824495628025 22.562564437896274 -1.4251336293824637 6.3665084121154845 -3.302054303687505 48.853048756669445 1.719664077133711 
14.579077195544457 -0.056984746996920466 44.85448771729167 2.215946840524038 38.20995697312472 -3.149035645529609 43.10246326938561 -1.7930935021381822 30.91440811599284 -1.215096117213308 18.589807021859453 -0.39066093671049357 44.677223689105645 -2.9643250127417975 54.096670633826186 1.994820686397212 54.97700334730032 2.0359360951006793 22.236785105563726 -2.2254635761859136 8.388469704490277 -3.886749376938708 49.61092337159803 1.6320260182068713 
14.12205643186057 -0.1785155701006289 44.986592134490635 1.4498296458550926 38.60452235162527 -3.684456616967431 43.6794825775284 -1.6742020417115553 31.114515907570656 -1.2736657820037731 18.339285615117713 -0.15542163224853212 45.21552287165654 -3.4255263731614667 54.0331042577166 1.5176398095846988 54.872544635297736 2.4777235388428256 22.945556714188303 -2.3384149150018323 7.381132408060425 -3.42893277966061 48.92959747599293 1.8425128057719837 
13.639209407876722 0.5027630225896333 45.60519037089071 2.680865208611396 38.67454322355806 -3.707788576164951 42.933258279444395 -1.1968038661827332 31.4699073486492 -1.065411379542436 18.519918030587878 -0.17602802868777095 45.039909572018175 -3.386658188501981 53.37452169271878 1.8596225444781647 54.67351540819811 1.8782280514520795 22.5489651686086 -1.7471303685991058 7.250019845012388 -4.052353454824892 49.07676455280153 1.5874577110067132 
13.983875633821649 0.3435822846122819 46.042702286722246 2.9808430276186098 38.004712095332344 -2.589340511659745 43.38063504756668 -1.7039381449802349 31.56355175114197 -1.0528860264778281 17.838381420361912 0.16532756036564417 45.1133943219962 -3.0231444844407767 54.097747547367995 1.4006144664222886 55.6641113578966 2.631793571169461 22.611365503268022 -1.438944845709488 7.498450729332104 -3.3195345512365906 49.04107757455914 1.9599899918987624 
14.014308576221216 0.11188963109881143 46.060509021543304 2.308328499830454 38.823750322903834 -2.9124865170838574 42.8876564300053 -1.4208191286272767 31.917203753272585 -1.671459442835709 17.766111852287423 0.027380663353712142 44.92047981618431 -3.1861879002914586 53.79153922163464 2.28101325033507 56.35783842697625 1.8912563768508466 22.784451615194662 -1.76758977211198 8.16145952024313 -3.250486122877413 49.37928185667214 1.9955547139302336 
13.789510777278261 0.25195896421962044 45.74532737717036 2.8354958576297915 38.656383009709685 -2.623836781645365 43.10173633654388 -1.0982007176229451 31.346454824565587 -0.8142542137050413 17.4272232189157 0.030915343687995728 46.078592068713306 -2.811038369565438 53.786916003721444 2.002585007142498 56.01828798203362 2.789736294104776 22.858330823343433 -1.232489087289757 7.800951166842749 -2.6756985792110384 49.42983757601076 1.8994157774280438 
13.060758249993988 -0.00932471722389153 46.24490796700053 2.457874058149978 38.99474841062679 -3.3107069824818756 43.372339824083326 -1.3499113848770459 30.659971938089544 -0.9697819914087594 17.428185229508422 -0.1995711418644816 45.59745899321675 -2.8807469434235062 53.62102451133867 1.7017297960977271 55.47205425758175 1.787719637380799 23.12126758795785 -1.5820497150008763 8.675683816968972 -3.7622444406355946 49.20444460818132 1.6882837458013071 
13.313832122463603 -0.32050439633264927 46.69009328215305 2.187548515641502 39.56297105735362 -2.7203179106995337 42.6383227132022 -1.5471071915953183 30.421301042156397 -0.7471743367844927 16.305551490919616 -0.07385309509595728 45.82750945160548 -3.4629193647058063 54.025001471209784 1.8098633659224759 55.738535585457264 2.5058483648032386 22.438007611191008 -1.9025252802421364 8.748763320054397 -2.399363162820352 48.98614421768027 2.0016660465000613 
12.36185617696371 -0.08674869921019795 46.79326342729103 2.5550339426061894 40.44809243552215 -2.677662141285218 42.46877761915964 -1.0044337473068046 30.48475969410417 -0.8275591357933731 16.580820939675228 0.5411609400990633 46.54439967188278 -3.781608589936913 54.353711054733374 2.0011996893384443 56.72385260339354 2.241339581896465 22.69891825107518 -1.5542849673243113 8.873390348572693 -3.9062491184398245 49.66798285300173 2.0531974625309712 
12.585141461481472 0.712354878820079 47.18782374841686 3.198984856881559 40.07559149064928 -2.9326907237084225 42.948020330187376 -0.8174948066808354 30.49026694647749 -0.8875278886812265 16.41997946535317 -0.022524829493061282 47.078548364548936 -2.632631015194739 54.1473737130291 2.2081082240405263 56.35488293432737 2.540274292232626 22.774611549950418 -1.6256241121612194 9.33959230518524 -3.17386983949187 49.262739780685635 2.537500902393278 
12.265577660029544 0.2069014258450415 47.35074542363773 1.9812980634861992 40.07646637911519 -2.400285399062334 42.56524613812839 -1.1913076866373982 29.994975445700344 -0.5902427764215837 15.876792777204951 -0.2978009485637306 46.69876337606884 -3.3216067561189857 54.17790371634907 2.429729737091117 56.72137742063404 2.498450821648314 22.506385203107325 -1.9037442022923141 9.664318112690914 -3.369127174524599 49.90496295575956 2.0623778268939956 
12.0864747735175 0.48313349709949766 47.49337437223127 3.1645657818738084 40.660530610175776 -1.9444029174015596 42.326457801729404 -1.1308438230022397 29.598848388605763 -0.5104580386357471 15.320344031449057 0.7908009298696372 47.52397020638425 -2.1002016136665214 54.41406656145066 2.250304606037572 57.11099623452178 3.1163198454299925 22.673536788213852 -1.1920020268742593 10.25601755016731 -2.6284867086554278 49.758776629011805 3.137364104485379 
11.349857230685437 0.8333372042149423 48.17162890480211 3.1869394051088826 41.30559537121005 -2.0094976440717276 41.72136766039862 -0.9515227901978622 29.021637935745883 0.1059616335351968 15.420017030611929 0.7813218907641686 48.61632400676394 -2.214294618748089 55.01433822806594 2.617208744337501 57.2632180398578 3.226560805863385 22.389211319315464 -0.3437088749424069 10.756277920322901 -2.3095447194716687 50.31668712601839 2.515503774518381 
11.09210268404326 -0.07685769980365492 49.5192641013754 2.950164770503039 41.144965089921044 -2.511893492849497 41.955607214698176 -1.6166855076959026 28.204646805794056 -1.110317246271871 14.440334349423791 -0.002845969428861367 48.61482500517453 -4.000891040711287 55.26017770114778 1.412698537318024 57.69477737836849 2.0783079956336663 22.4694937998665 -1.932802062609341 11.560321222225255 -3.5786190952122636 50.665054506972275 2.3039829368362086 
11.085950802716608 0.03679616414671007 48.58749855539726 2.2414843869001353 41.45309564605649 -3.0394879847308025 41.399139376046875 -1.3777468276880493 28.92748493222676 -1.4132311551051988 15.063573971719999 -0.40722113317990283 48.65542604836834 -3.21101813721565 55.21388833439764 2.126620327929351 58.288452773754464 1.6302341737872368 22.465358562515203 -1.9533311721759927 10.942379735391173 -3.6945290375024102 50.74132247873589 1.5723266564809613 
10.14357094697978 0.10499003293814983 49.485997198474415 2.556557413924283 41.80030578669636 -3.2577191616833376 41.64310416419677 -1.3931863954539616 28.346219629485294 -1.1725596862272618 13.85520097217032 -0.7578181343255824 49.392371076996106 -3.427404259481531 55.68617492682539 1.566131646591187 58.07878246192092 2.4721918100403713 22.362495362140262 -2.4179363706856387 11.718699397257135 -3.9810189252629664 50.999709450320445 1.2553118806759076 
9.553878548907232 -0.3945217746974816 49.5212847941997 2.1353693920061017 43.27965881895388 -2.8252238482752103 41.76492272348014 -1.7783561089412263 28.818426812279668 -0.8129854437073285 12.414330472196399 -0.4720355920376929 49.64113780643225 -3.880797009685498 55.817006546247136 1.740879472836982 58.72692850955832 2.1469480806018346 23.28804555224958 -2.242139448906741 12.966596649611137 -3.9855323077919365 50.85023142107267 1.9370259243778833 
8.814056754206229 1.3449897920671106 50.86853374799511 4.091787850931801 43.753996811208154 -1.5483229827402905 41.24632214724697 -0.46114945293167386 27.363656837378567 -0.08894261990735172 12.886392689027891 1.2901712682181101 50.62540205745352 -2.3354973733713735 55.77571343847587 2.936486932463075 59.614305721465314 3.5525460241793434 23.144418723636942 -0.7524344185937469 12.939811207122853 -2.298681495375449 51.34366157633222 3.510525442126224 
9.117965060255846 1.5633737990058711 50.60664484379501 3.8688313425133223 43.306218586644505 -1.9040698422332576 41.097787004626966 -0.42243760067768826 27.40537716047388 0.09003793957434063 12.262650431135784 1.1150914946625539 50.907394950032234 -1.9821846431376775 55.960452453047424 2.9465813972043864 59.56016589310371 3.7096645608715115 22.900178618198023 -1.1430755674064887 13.428078152637667 -2.0484672512418975 51.42956939512332 2.95148011955874 
8.712420184722378 1.7809451745088483 51.103300586311036 4.010300061262784 43.98149209937544 -1.4604965615507919 41.05737826654832 -0.01411884888450099 26.933382476964173 0.16704173039550846 12.153471934074844 0.796243392568529 51.18330287341945 -1.7418260104055983 55.78567679013709 3.184227360756622 60.15271047962438 3.6903881671713785 23.135963740632963 -0.4605407135268089 13.484105821470308 -2.2861481759428663 51.635472904237574 3.40195462600434 
8.958145877955682 1.881976060363928 50.83351713495023 4.040802874995209 43.14859613378759 -2.0487024351340946 40.91054346260522 -0.3728895840222047 27.10866746449983 -0.06608425701367793 12.485842224675423 1.3444324319038468 50.78662231828624 -1.3360693380246889 56.885455703519675 3.4277112434738766 60.29653127101708 3.8148999488702398 22.741466093942332 -0.5158375574001632 14.013325495235593 -1.4833343174678952 51.577468865047 3.525569325168526 
9.522478039019072 1.8489585486428297 51.882045734742626 4.010604175887962 43.73473805530139 -0.9948655307314316 40.28147990095657 0.2680837083593729 26.660362916933185 0.28665836544777135 12.290286734535716 1.0283164919567624 50.65828124351581 -2.120588351441771 56.840927824063655 4.045309154879997 60.38148340191603 3.5216595289410004 22.765829030423337 -0.6195362186819877 13.924368135035913 -1.8107726103427921 52.800540739714236 3.309710924245571 
9.399281880623287 0.8673269953579607 51.91494384856347 2.672208243931694 44.019694850719276 -2.0823568244515798 39.687171223394316 -1.2965307903211514 25.424366548587656 -0.6059336685463206 11.583820447801319 0.855920739328485 51.4552798133658 -1.9934059995180122 57.51993105935646 2.090958991023883 60.66356693218824 3.375469255723705 22.2289920271235 -2.3259619408567795 14.224266721304524 -2.969587249771859 52.99328559699932 2.222296963892802 
8.981386056301504 0.7014296216077237 52.88239806436208 2.3237181993907763 44.03162508426193 -2.5611660304664263 39.37628892886716 -1.4254095345442428 24.9096522771301 -1.402197527675953 11.41807526108769 0.3466966565132495 52.39258698178202 -2.6459266933786005 57.568801564259196 1.6569519861713573 61.896027192579474 1.8898420901419732 21.96326892086837 -1.3784954195918502 14.837513635519763 -3.3206342266582243 53.508134790595136 2.0748620811275673 
8.353928421721246 0.510227271023004 53.3992981706123 2.6353749598251714 45.00501465724927 -3.4668796318018544 39.09574952819908 -1.3362188006694717 24.91325349956209 -1.1002645467132233 10.505868085287402 -0.1750134613986346 52.53531400379839 -3.3970637918245963 58.28444348217223 1.8772570115430347 62.30226862813822 2.404969436971745 22.643083718715637 -2.572450077752406 14.874913072291879 -3.087765067619298 53.346258051989196 2.2054110451613065 
7.4491394857745385 1.119284687840821 53.67007000124068 2.53528342627587 45.82583024303234 -2.5727689500951225 39.366721075666945 -1.1834868389873947 24.402356698831955 -0.6209610505285831 10.415039106883032 0.6947973931327469 53.41036565744524 -3.0087783336305796 59.0410677098572 2.3473832733652107 62.34426770174316 2.513416860246901 22.68519056634905 -1.8973316414167307 16.15433683809595 -3.3518361500267613 53.947350842842134 1.9427838659761338 
7.327134685184693 1.6617267935335938 54.18203096671404 2.9785442250819636 45.58483816513348 -2.1332712371177447 38.6171692414618 -0.352488090573868 24.237707726850754 -0.0012207785647252722 9.669380421546311 0.8329752407607098 54.48762584330096 -2.120228539469779 59.48207302836868 3.1357636102451916 63.54366248820966 3.4963247696704576 21.921975822080274 -1.0920698609702564 16.905521826799678 -2.4628367005105507 55.0046015311222 2.8360196269623517 
7.640392640004894 1.5242262565764686 55.502873115760664 3.343716423628116 46.363625940487395 -2.362697868587797 37.87355567733338 -1.3453682139893346 22.92292997394605 -1.051700458098535 8.7290402823192 0.8971495563848295 55.1540180865648 -2.627459470170759 60.08915253733205 1.9417801577387825 64.49161242256176 3.1328559182342364 22.180431657561005 -1.6236381057467628 18.081048418041167 -3.1795236114354206 54.84829565635026 2.3401140266334806 
7.570853222148913 2.2576483099533315 56.22553333811955 4.0585554932609895 46.900575998623744 -1.7396600427495261 37.37977530971849 -1.1555154981773306 22.24054603080635 -0.15417345851651465 8.420592233830979 0.983095938110079 55.43002294049573 -1.4959278967767362 60.74513313396624 3.250799709699461 65.59375776999056 3.4702846450206146 22.403427125058002 -1.1587576042259777 18.469758245343243 -2.370991919507794 56.565036340795494 3.1976093819638427 
7.648401704667618 2.2303908253067286 57.22038790725124 3.3313971110240184 47.2856037367344 -1.8946144384863848 36.55318559881797 -0.650632035495882 21.433363504976185 -0.8359979243380689 8.139182475638329 0.9281441655762677 55.93100878198354 -2.8999431823906177 61.24734675241848 2.688113864960403 66.04426265320195 3.9280719666766584 21.764140938485227 -1.3319263706848057 19.03492593399888 -2.6828411427082894 56.70197898450084 2.7296403369611006 
7.967225359102466 1.5696901650713888 57.311035240116375 3.474936394649669 47.941397834235126 -1.6206030502531275 36.32919718727479 -0.7639975398470615 21.560895664260634 -0.28558916865295597 8.34999960634907 1.1002792045177026 55.724478451018335 -2.3535889955072307 61.02105102309239 2.7001398682536357 65.8700311204003 2.89264912598143 22.40685106400001 -1.3782289441647713 19.131302702914162 -2.9026937558163173 57.254153851690674 3.111203962645321 
8.436219577515253 2.317585295375784 57.765924356543785 3.4668312682781584 48.20273398496947 -2.1693740526928025 35.77466964843019 -0.4344308321026582 20.56199384937486 0.14584310628347902 8.579220822322297 1.9657384528603645 56.33777568440523 -2.4962059880464715 61.91621671615302 3.0167982251734338 66.60317586518622 3.8186761147924653 21.742775800823217 -0.8359950786130638 19.938364728685293 -2.5690725359425324 57.8201138165818 3.7519597000914024 
8.393959430195203 2.0339293110465815 58.04897622087233 3.916802612315059 47.638007893504664 -1.7632686648515437 35.2730225388168 -1.0843537306205224 20.756220989074645 0.07760468512812213 7.971161945068457 1.3176267577505505 56.933655926009806 -1.760688014822343 62.188172171132024 2.5730839260330747 67.34826937867176 3.4707076960407313 21.465520108898417 -1.094370030499764 19.711941036858114 -2.377274730625096 58.43157643363929 3.3421500875372705 
8.937031900316127 2.165387293824094 58.89952229057128 3.399699760074759 48.23423181504531 -1.9331314394299897 34.97401873229905 -1.102155357653747 19.727406560081846 -0.6012887313477585 8.480975320943271 1.5620807775109269 57.081243594771216 -2.5523899157080003 62.48587266249794 2.4772386426573987 67.56802610588309 3.398845087738978 21.657320828952503 -1.3153088718009156 20.251973835903918 -2.558213243317258 58.871093763470675 2.6033028845907786 
9.11019283866988 0.29158827105722196 59.5171559139308 1.4463006416053465 49.0145802041971 -4.48506981940848 35.89512015934867 -1.9318735971457675 19.754895227960766 -1.7679954861860445 7.5741866401105336 -0.435045623349824 58.66702784722173 -4.824441450163824 63.75607522854325 1.1746724984309183 68.3720339920491 1.2850899335050594 22.66528158801967 -3.4633685674512202 21.797776121607754 -4.0118768147438395 59.3327033110455 0.7392710836060603 
8.977527735369058 -0.04640451082768304 59.126732544900406 1.8545204268732773 48.86657260063119 -3.732791613409472 34.933514317625175 -2.5076198794624336 19.69794825987289 -2.5182552726272607 7.043763145083774 -0.14681467550189917 57.788697687166994 -3.7130438381940896 63.49866291713715 0.7800467926426722 68.4627296149134 1.035217255619181 22.27542930370995 -3.787686587548297 21.412818204777583 -4.458276438811273 59.275542093944324 0.707709320617521 
9.139295482160932 0.1777277328764359 58.943453889119716 1.3400224796371458 48.851975488325344 -4.251538812982996 35.12584434133067 -2.50670831862213 18.820768648706327 -2.3294377066518073 7.636551745232376 -0.27980728294693646 57.89860732327584 -4.680004246610837 63.60273144566306 1.3148674941758576 68.68409633665401 1.7536154564186415 22.099330500323312 -3.113261629771476 21.75397406889447 -5.131890090786135 59.656775123761314 0.4145625906308395 
9.388097964675463 -1.0467567293168607 59.72180306984954 0.7555112230678771 48.437775964106116 -5.078718539468053 34.22162422322207 -3.2206392383801723 18.789696523090548 -3.8006373525099177 8.074005516131159 -1.5237471631281936 57.553516039766905 -5.2579316644773675 63.91269856439361 0.09635950254948966 68.51952592267055 0.11905847388293248 21.763947075570535 -4.402586234233546 21.344266698535368 -6.212449229825643 59.343488366501866 -0.7613972583779997 
9.537064604598108 -0.7017390191046471 59.54553105757433 0.05808711924381105 48.93793531627219 -5.0974029612410225 34.06102547576082 -3.6145923793391006 18.92577755450214 -3.0802222816158262 8.235026080889783 -1.6528693484533596 57.98731029421043 -5.32635911806653 64.18791055848787 0.02497828204934663 69.2109089272826 0.17697341477755651 21.234589128953786 -3.949195698826656 22.06478336604724 -5.607749015997255 59.72665209131184 0.004870283584610419 
10.344504939556959 -0.7364781852858057 59.469070222925744 0.6215603129469397 48.74016496892508 -5.211459619575914 34.41570669509995 -3.781795586971681 18.721184853676483 -3.9100545741247976 8.187180145171773 -1.4384513271411519 57.798245255880815 -5.23323816186044 64.1450654920688 0.18287717685068045 69.02991705207779 0.4201510541127914 21.384858755489088 -4.938932529367649 21.363130606841047 -5.489833545490797 60.022880359205 -0.2195710306351151 
10.099955628202151 -0.950965781845512 60.215534084825165 0.3745500419017975 49.189316144679154 -5.18958981139532 34.049923508315516 -3.4285205072142713 18.637706101427984 -3.882762773726041 8.474908434752074 -1.4379508120557207 58.40434209592969 -5.247876065281502 64.9411144703997 -0.40621759260159895 68.64162868501222 -0.05251193977999358 21.38870068797774 -4.614442635233486 22.099634503217537 -5.390983278139661 59.76249567466378 0.3176993843230897 
9.809899982037544 -0.3610336865297437 59.410808546165725 0.8250277105817089 49.24687211417719 -4.9985110873050465 33.839481130537884 -3.6285643185175043 18.028337496690106 -3.088207570580859 7.966584513032062 -1.4279238073952243 58.586262555693466 -5.337437108884601 64.18377219483256 -0.3396601118686191 68.65803254312908 0.11088543578125362 21.876094703441076 -4.445881201178654 22.058292888953204 -5.690152110570524 59.83178072616995 -0.6727419466540931 
10.318197727769999 -0.6124092045984688 60.03226967100145 0.609542539467188 48.75427438467709 -5.130085699479325 34.684675376902575 -3.7046740891342664 18.709011908605483 -3.4557849551549373 7.46664701072881 -0.9463782039370063 58.30184040705942 -5.655609851852592 64.06330735162408 -0.6185021985785948 69.51524085525551 0.12386734406443417 21.704837870280397 -4.344935357135865 22.096140803729767 -5.572480552395463 59.90687721125685 0.2167815087850864 
10.523006272795644 4.963101908561754 60.76723090076508 5.801554314908721 49.52852589215466 0.9540521094159911 33.750473056238626 2.1740076999657996 17.698554048032634 2.4027913792575664 8.06312017741843 3.8435128716341733 58.60929630672848 0.7590591969729303 65.63568887101096 5.609041067749787 69.6859251600915 5.684475148769737 21.20723013595415 0.6814535779789659 22.64138798651206 -0.18426602790552182 60.750348751941715 5.726414749439563 
10.03695550335475 5.4613809353553115 61.122094594860705 5.949060388918777 49.444970850253284 0.7768954691244336 33.33491314943821 2.2269353354879704 17.36964640367954 2.686733329957043 8.295182508989354 4.466965315360831 58.704510109639635 0.36167447459305796 65.00441312889862 5.319900378271364 70.14170242111268 5.913084839408135 21.332141356429645 1.4069557984070191 22.94583971420317 0.42084084821673284 60.47947142772266 5.485016631053053 
10.569548824255428 4.871309625497015 61.12705588332254 6.27630060369443 50.279472626809934 0.14410076923640713 33.41523760534732 1.4357274997117773 18.146280131563543 1.6293195856285 8.497485742936302 4.482192071724876 58.84964375286853 -0.01548938187465465 65.09781698036191 5.507274064540438 69.98115040453226 5.755709529092918 21.756367295157773 1.3516308466282876 23.294553594687518 0.43692772020148013 60.74751431270901 5.672569424402083 
10.780301346809445 5.087182439227889 61.548215757499165 6.651894204383584 49.48230186223022 0.8656675571924481 34.03982413842312 1.8502066541517217 17.617485992685765 2.441281657440478 7.934956797175604 4.937316039793689 59.26612537030872 0.7229429213895724 66.04681673799416 5.527914476826027 70.05092223722706 6.145556497691456 22.08081949452385 0.8773893310542491 23.167635719847322 0.05522250624888088 61.38300608135426 6.003599896373455 
10.554439070432354 5.2717524175243025 61.548013436174244 6.019278082338961 49.79557533137643 0.8154224518256632 33.64451697362358 1.766141232434623 17.540336058247405 2.221454827511314 7.9552141548503235 4.3912770365563 59.72012528565038 -0.03804433372660654 66.02032277012954 5.038116329121759 69.63839447999644 6.42653885280209 21.98911409936538 1.2531407438172613 23.32598946073543 -0.5596847556984009 61.56981327438067 5.336368433307879 
10.86008014469071 -0.8179981323374642 61.141867362147686 0.3032172925072956 50.03986741206015 -5.768888095808075 34.00012786186545 -3.9944093801643037 17.02273556594784 -3.6990729904251602 8.363998254545077 -0.7220605634612606 59.474005545972084 -5.706935764888408 65.75279654795163 -0.6600428906438447 71.01599168971303 0.7373979211251266 21.309870846603598 -4.0346454412228985 23.2600469279375 -5.307996935196355 60.79147995521252 0.01569320725873541 
11.069392843010766 -1.2872635792239024 62.14247162473576 0.2417276043931615 50.34212900768686 -5.07452586477761 32.90308430095789 -4.327939029126735 17.328001292442472 -3.241613851565743 8.512479387906339 -1.2919916086152412 59.73490071129371 -5.532095873469178 66.11391285784688 -0.28631291203765713 70.78210477166577 0.37482167162366886 21.857386404217042 -4.640061450136617 23.882198897747887 -5.585509028947221 61.185159946227316 -0.40329489467134216 
11.142376692264197 -1.0404611641890318 62.456970372638985 -0.19326187549559465 51.012329383344564 -5.3686052102861925 32.93811966798042 -4.733758631307374 16.90279822044573 -3.6849686730527424 8.700782516461832 -1.449108324894016 60.148822155138795 -5.14177337565244 66.55921351637559 -0.7031671290591093 71.02363958176606 0.3183681321805395 22.34506875249951 -4.823545462879798 23.798135089378327 -6.829877703449707 61.6013373628377 -1.067801799717866 
11.546126841988748 -0.38629664724761004 62.16221603901623 -0.41989340272819914 51.47484469585494 -5.5876180095342125 33.2922133078113 -4.3860651163028 16.677975299164267 -3.5888252847371422 8.035848396690012 -1.8427229917182184 60.229446626700366 -5.451459134900372 66.57954430891967 -0.7290173973447254 71.47231282481533 -0.5568989442416468 21.84915298592552 -4.804761023550057 24.014087747817637 -6.521191308470216 62.059551291162386 -0.5791253341435394 
11.343084082130154 -0.9496258654277397 62.14009297366911 0.510063889647405 50.59876948075759 -5.573986016794296 32.617399977339645 -3.805263258042583 16.74564464762685 -3.7105830596632576 8.66082848402185 -1.1026114550763435 60.360383133118 -6.154382611251589 66.35755544144314 -0.587092108811412 71.92137181093628 -0.22123936471551892 22.268537656471974 -5.098511852600116 24.88206609198694 -5.98127516385165 62.27591667798799 -0.7855059322149194 
11.821934235835801 -1.359277361156995 62.808219083603795 0.24719603959810205 50.75197556191573 -5.547771811146802 32.95706832865423 -3.6911368286209876 16.03125165100666 -3.831145973334845 8.794186311019844 -1.347924003435176 60.74642750783988 -6.155393761887401 67.38921179511057 -0.3699627526004725 71.60036935081699 -0.39080014165851884 21.69803222298214 -4.884224742224283 24.28882295562621 -5.60530415685813 62.982289640601394 -0.6522192488339252 
11.682692665068776 -0.9960608540810696 62.76866074086234 0.5138187660198699 50.78459263360711 -5.241042335369489 32.796497687303926 -4.197770134663702 16.188885775073242 -4.265337847119744 7.953079249124232 -1.1372575574551738 60.604493093913256 -6.393119677718352 66.71640401982967 -0.1465420364290681 71.60226433527718 0.3146844342752846 21.77529549410821 -5.111797852526053 24.625315127388237 -6.319246989915574 62.84491642731755 -0.07538479379148266 
11.872109286302583 -0.6996883286318495 63.63526057967143 0.9408051249438263 50.802699240593014 -5.32114030977918 32.578841520547996 -4.021696631276483 16.58085558921078 -3.209442022878985 8.252752989297079 -1.0562124970454638 60.849118950200804 -5.556622171432005 67.32594474121093 -0.3081057949974343 71.5728911891083 0.1831750794689586 22.347303288743745 -4.769837374573566 24.70047793741034 -6.3572383294976325 62.46077503188233 0.4055647983181927 
11.82585279293128 -0.5893297766508805 62.67667667440267 0.6626704307537032 51.01787902871649 -4.476108158110276 32.53853053497155 -4.4302562704809905 15.614581833881413 -3.5025616439358638 8.060528629365061 -1.0214736960669442 60.87379163895217 -5.837974688348127 66.64985457894394 0.3452531329063502 71.8282075009735 0.6116805647045678 21.907452928440634 -4.96838717165158 24.725482879026355 -6.507088641730653 63.07712837120347 0.6589061213337152 
12.186892354426284 -0.15301324706159092 62.92064485114517 0.4329326293303416 51.18143046140538 -5.079723038169277 32.60911953819575 -3.581218454255099 15.724649267820345 -2.4604374497605717 8.71638390248894 -0.9027321265291361 60.36944975214526 -5.524419728799137 67.65268416178617 0.3606466544488933 72.2122373038656 0.12083987628027054 21.9729613036293 -3.9054867294158147 25.205991472908106 -5.692067179220856 62.97848426432987 -0.14959561980694364 
12.004455800400454 -0.4644670426170104 63.504745637499745 1.1553242152479424 51.32995890979102 -4.815761162058214 31.516465629710087 -3.39396594684807 15.162935370532376 -2.8677392258056598 9.017450162764543 -0.3059564618828904 61.13111336601484 -5.625000753163421 67.35109102030516 0.7432182168816132 73.05948039178261 0.33563174393306305 21.486849228578066 -4.273637756381638 25.4303389974296 -5.533211339551423 63.21931627951816 -0.04518605624859462 
12.399140111715234 -0.03073657964525764 63.42152624939524 1.1488028548615192 51.51105801382997 -5.1333932368477315 31.958161448932756 -4.071000824276808 15.284779385064056 -3.643173956391207 8.912579335627406 -0.6441647311084785 61.33889717633352 -5.29135976735748 67.72902984511002 0.385418433107618 73.18463928778482 0.2847284200724376 22.39397913053282 -3.9210622985465227 24.82558100304191 -5.237157435388567 63.24365029960024 0.07462499186282437 
13.037463113431416 -0.1810205144490411 63.71202761727891 0.8682991230277264 50.86992066691633 -5.3089380429303805 31.84695243957576 -4.312243173126555 15.05123978180905 -3.4197966649866713 8.94559920703249 -0.9625002618162056 61.48675578079175 -5.201554068650666 68.77055557047545 -0.4654519095280207 72.76248587473253 0.4519235062715941 21.953307026741122 -4.691299422274238 25.444297243284677 -5.61263116060398 63.65120440425044 -0.2196425523764277 
13.052957083360543 -0.3196926751050987 64.52837268097296 0.22184516342403166 50.95099732041307 -5.205811596002331 31.10124266353063 -3.244067413949761 14.466628681938378 -3.544737641344387 9.636569871412306 -1.2143189411469792 60.88924201195367 -5.139701453407867 68.73924543367777 -0.0005752229906542047 73.42155543966531 0.11783189531448035 21.33955329375801 -5.149086614273708 26.291512578844884 1.0224748301076787 64.11033749373591 0.4404004411636958 
13.77384632646216 -0.30508606990393683 64.98347568858064 0.5885108587351504 51.88474054602163 -5.420577186367354 30.858662893397458 -3.1855808061134065 14.592244378887997 -3.394941322038319 9.636649908665296 -0.5324292545160187 61.64799300434668 -5.4307456806965195 68.66604588557688 0.19770200537713717 73.96559020961048 0.8612481976357216 22.098878652466226 -4.542359165699325 26.60212414642994 0.744906111572968 64.55438121553995 0.01905981565764674 
13.30345924921164 0.6061032353049741 64.42494689999907 1.742433885423376 51.43693554111519 -4.077450600114163 31.25017781409038 -2.9453646514073415 14.730984134202092 -2.7353925344232275 8.967960045224766 -0.020079299997416714 61.59830110330175 -4.7759549613286225 68.0498035262867 0.6630686373350625 72.99413906450631 0.7191520011027916 22.270838165418535 -3.421107677772929 26.313693898417938 -4.426357940914253 63.81543599871807 0.6174857815951504 
12.577930956657475 0.6917424919547653 64.34326624779106 1.365571162737978 51.995429918998006 -3.936420040696611 32.188532499196334 -2.722511672486984 15.747866421541474 -2.6685084513249193 8.137290333815477 0.5937304316832517 61.8406718865218 -3.671892105495363 68.3172401897312 0.7102865748741848 73.51738956076451 1.7033524111335214 23.19105742984813 -3.3179704028536725 26.3409562560078 -4.242082979378119 62.683859710236035 0.9123142750105235 
12.085750335705791 0.6458051453295847 63.9509003993043 1.515239001868147 53.23716053745746 -3.221321323952438 32.757557610586396 -2.5224105931516143 15.936156587030029 -2.0190776117447213 8.401832858270147 0.7594540202244633 62.175568585488335 -4.115291806649989 67.55556158695941 1.883416508513371 72.6245882095209 1.6290150057696642 23.21548745255412 -3.3093908926045663 26.194591005729883 -4.177544964539772 63.52154870157542 1.5416002875686379 
11.545838381571901 1.8904704121191358 64.66929501491668 2.4442322520993445 53.210744497633506 -2.762269086186934 33.467817608832235 -1.852211878421775 15.893670589823763 -1.5534781101583628 7.577091004956089 1.3144419770537985 61.60767385299271 -3.5883863499851016 68.16013728752391 1.9020284161955987 72.98059281577814 2.251298185280116 23.791378937266447 -2.5717339121845053 26.465594576908966 -3.4105180716950856 63.69062342894517 1.9619837187404707 
11.90675986111813 1.4442362750282114 64.30312435949102 2.62248980918889 52.62839917085492 -3.6129014508338226 33.07890174267947 -2.3441148376622856 16.34414761358884 -1.828704017700829 7.815667082416359 1.2569413963031775 62.994812880391564 -3.7514983681039107 67.78200485636704 1.6685632049296726 73.42675295162616 2.3381341029200664 23.66870599877981 -2.4426224923909228 26.910201618440503 -3.57123720977517 63.149338945701075 1.342978155610905 
12.506962579162595 1.6452983551043787 64.75931445712688 1.9394132546976777 53.63531866975171 -3.3308086608754763 33.34658437564436 -1.6853195451757326 16.234491571095226 -1.6454179154100814 7.3960253908793865 0.9355148435556518 62.57190823865535 -3.25159829100064 67.7828001933463 1.2064699472225011 72.97345978307825 2.0240135344589896 24.206866885135547 -2.599511189882673 26.898719307183978 -4.15322220955679 63.88047664698987 1.7348933047345312 
11.712107183693465 1.9445254638915122 65.95072972146963 2.2689111007290736 54.8243021484889 -2.5593661238377843 33.84435972138759 -2.4390170386011425 16.70927322906005 -2.157238411341812 7.052287554104549 1.5523558758030696 64.27214784094217 -2.9688351888349884 67.73059025460229 1.527466033795517 74.44239425580174 2.3701661404989744 25.290289098719896 -2.678864675217303 26.806080096821574 -3.6049724906851592 63.641988538193594 2.287722007251523 
11.421337301261836 1.7403738538687628 66.15569356908156 2.1295229190354865 55.21462758832024 -3.782045239203046 34.00300099043912 -1.9356766129338805 16.727876320185555 -1.8031514757935867 6.925340737107974 2.073975436361898 64.26211019898815 -3.792939718028334 68.09746711317771 1.6351416046563945 74.39057903187621 1.6597155556367265 25.751484524025123 -2.3824458130154595 28.008554193594094 -4.199723562746026 63.53963487963937 1.4100917161357498 
11.843383554473146 1.8106389576344888 66.12697360579142 2.3681351698698645 55.1399943210255 -3.762567120702487 33.82016393385172 -2.667927580272692 16.076905414283623 -1.8220700034028021 6.8120906870145665 1.5010506210075367 65.03293333701673 -3.3213578163942854 68.09578946983503 1.4437409513887092 74.1392297818326 2.123401524444189 26.341462836978614 -2.8673420562594103 28.677346823245774 -3.500982867255272 63.69269102491153 2.0067920183408483 
11.64801212850621 1.5567117630101335 65.70468107954922 2.8853139797292577 55.41213142218755 -2.8428209600771437 34.275393187364834 -2.140223286671023 15.927574588141162 -1.5613835134001228 6.733312541276717 1.997714008413968 64.8679782129635 -3.649791211320302 68.3404800124245 2.0559463572869086 74.942191720815 2.4096150500545512 26.07880134572613 -3.183313126455845 28.56438731706187 -3.743318146730935 63.35508500346078 1.8793653934135663 
11.76179979014318 1.5538309496376588 65.60721362559839 1.6661234297927119 54.778023040063545 -4.380331976084455 33.82738697719147 -2.494084291935076 16.027897842670477 -2.2143312820126897 6.7514342392577 0.8886673329000361 64.19069398405107 -4.097678064502072 67.55818229850416 1.7638066985401595 74.59702191869944 1.623007912713891 25.373976902842188 -3.326058354802846 28.214684384671596 -3.6655447240662156 63.30427965612101 1.7972864525497656 
12.336599997987127 0.9353160264408329 65.84082841854882 1.004243686683157 55.194770520645456 -4.773671349524994 34.46224967836878 -3.1319405295662386 17.009173416425178 -3.1671175737226176 6.647064054815048 0.46723456893101795 64.85418708571997 -4.208341129647132 67.48030732506753 0.585737373221284 74.78993812703206 1.5878797888612237 26.90517333539236 -4.183318386816807 27.95927360803391 -4.908351140094249 64.13772497483276 0.2827407181765385 
