85.29791429622516 1.3889192276049687 57.61290223298975 2.145658694923107 38.60731583681951 1.0954832168280206 16.947398980924312 2.7135271744251597 87.04464787547558 1.4423259205271957 101.65725305596324 1.5227389430920057 87.59366101307053 0.6955388454899738 66.52491972313507 1.7315061528554943 
86.02664744312759 0.8831398679067604 57.8032398765344 1.8641286274327709 38.88732328427244 0.18217014120565067 16.343505329950318 2.0181100538734618 85.63305260426375 1.2089879404169555 102.80201823008316 1.8033708648149822 87.51100512217248 1.4615003748975977 66.61186140910924 2.071910520685262 
85.85303930325512 0.15357394713487826 57.627004716051324 1.5585123802995708 39.32523853406739 1.213004792653006 16.820861394045235 2.337960772102775 87.0757733579404 1.3605585163361873 102.26206141656684 1.264826175089994 87.6801850483038 0.36878649717181095 66.21011234210435 1.934020468106743 
86.11725147945776 0.10827291351814522 57.50473178318281 1.5131125793511015 39.1225526986082 -0.13358065744504377 16.489674567196936 2.3393362087712433 86.09446832155868 1.128408953615644 101.81216279352141 1.5576535108439387 87.63188601278449 0.6711992674779697 66.26366778861944 0.8390025965453326 
86.1501609020991 0.8604092181162977 57.52670752263284 1.681366869172367 39.66160656875039 0.6757764387002507 17.36896038356363 2.221519693722864 86.17099353303963 0.9039268189585217 101.8901160997483 1.2386141459854114 86.79697649695422 0.48596458246027036 66.76006009214468 1.7351531095342938 
85.78398734301499 -0.4806363370455414 57.472637123355156 0.7253636215943027 38.81806758793116 0.6938438697190558 16.674346082543003 1.4120480146508185 86.08557986755966 1.3309217300643719 102.11618922710225 0.9762128509644673 87.18149271442894 0.259250368569067 66.42147961160781 1.3047056519519993 
84.87982165984351 -0.6367424737358574 57.11787683919288 1.3154170353228036 38.3220284750343 0.10600296376595471 17.16789625510009 1.7592433654428525 85.9839590996647 0.9234431063781897 101.78026343150175 0.9290550285204473 87.30601720429243 0.4594612653606952 66.60154631147599 0.7633156952003054 
84.54685856127041 0.2696452124578105 57.064319250147086 1.8536613051982964 37.86285168863755 0.5345983796829269 16.99582701491064 2.1027857747958723 85.3798318940455 1.6128222557861491 101.95840313888498 1.545168755065583 86.46909763323802 0.9448755914607567 65.71379862829873 1.6334411183318633 
84.1030468110354 0.23230739217689853 57.12497530543265 1.8350771857979606 37.78132636637492 0.29403154061567605 16.12628421033353 2.1948856138636272 85.66930924919612 1.3625089947212103 101.64890314491807 1.0702589939403544 85.82947778305434 0.7962583120972858 65.85995820450472 1.5675096103149655 
84.31128634652934 0.45991595980580907 57.18864198448054 2.061731119195602 37.88755130869606 0.41833713355266344 17.512163168340233 2.307217339124851 86.09538072966082 1.362896075956901 101.06457223466833 1.1012504891518207 86.19651168193363 0.7681536562632434 66.0908686596656 1.266314039229226 
83.608444450188 0.22799056583503258 56.932757410520374 1.842214123688302 36.38862669264277 0.35833851871287115 17.448513891961813 1.8009626167876887 85.32432247172082 0.4726861665181392 100.83822157482656 1.4433007018362156 86.0641642435459 0.6268769365077327 65.9946360970857 1.5265750592686556 
82.99476366553081 -0.09790808063274231 57.17983759304767 1.766175527161577 36.762558195872124 0.6039317408790679 17.426313807230056 2.219130128658313 85.1824978018985 1.1561267520880707 100.7242077890592 1.357838588965767 85.37345894744011 1.139084728555357 65.81465308003729 1.412782112121841 
82.21860730899975 0.5735246798749631 56.49089750987384 1.648388753340399 36.311554673292775 0.2936984039981685 17.572824754287986 2.233930044229072 84.96746141506036 1.3761232376308217 100.77405384424391 1.3028370026638088 84.61685897463298 0.28176148049077737 66.00972856938743 1.2086506857947916 
82.55909667286434 0.01769733041491091 57.1127805088128 1.3755739144877668 35.57511338123279 0.8147588787349862 17.88516692444507 1.7796402067417239 84.8785996239256 1.1337562363561249 100.52408493386811 1.4042091287402867 84.7400789476945 0.7645721592574425 65.72737501429498 1.3814566330567477 
82.17800962203745 0.060388714441992175 56.37298009780082 1.8416106401714507 35.22986952598302 0.8860590212804089 17.87787339967813 1.5815587643650786 84.9518507540865 1.1761540368326908 100.37646350344679 1.0183435710019177 84.44100444239199 1.0410490317598118 65.83179146524344 0.7303075581119318 
80.5857211417164 -0.26022383283546835 56.425854495478 1.3379439969777778 33.65606773485362 -0.471218332574055 17.87599334193238 1.8852724174753488 84.13891628346703 0.8015185498143212 99.62656175943319 0.8897818965368918 84.0242378873741 0.07769362641377636 64.69870618122407 0.7298797711848417 
80.7116028958538 -0.8338537223718647 56.75539571071833 0.7386086265293622 34.30234361500725 -0.13695529663619133 18.595144335275467 0.9160169753166416 84.00078235632242 0.5355547737766975 98.49761017264495 0.38612652403157127 83.06010780090827 0.022693438679313796 65.22291710595323 0.35784704371408205 
80.5451011314875 0.1682137060243889 55.92973514063731 1.1002106717748137 33.52096988650923 -0.559014592028154 17.632999299795646 1.7928107883894062 83.7237597072431 0.38155940243083664 98.94130416486496 0.13336580295832434 82.03779601965357 0.3810281168396941 64.76287025699223 1.1646095307526825 
79.60928729400963 -0.36737421080752675 55.68595309249845 0.6129314240858333 33.38099362357138 -0.4806557180043215 18.75297524974222 1.8018200136843698 83.52403300110636 -0.04714034009233725 98.3769312663146 0.3878463004847409 82.32253739331978 -0.03277167523240054 64.67746909828413 0.11192807970923813 
79.77892073618995 -0.37169316288685833 55.089452288632884 0.7665054680045797 32.673331440221574 -0.5078683768498251 17.16267881762654 1.4394841707879105 82.63057511102808 0.590387532284754 97.0575376173353 0.504387393516514 81.2162160956225 -0.35594654373322715 63.80137639701248 0.4854369548419855 
78.71225772749578 -0.704654488030994 55.22993350500719 0.8114522179234571 32.294804191585534 -0.7282690975857014 18.474546278620227 1.5595555311791516 82.38634847825982 0.611218416469574 97.42371593102811 0.7995363157757993 81.08392624598459 0.038947596157886226 63.33762581368744 1.7256915726206072 
78.51371836911811 -0.14872454601201668 54.55067015784496 1.3420011052215906 31.398651501236518 -0.15037806100219248 17.808501778354266 1.3393915662122713 80.85162090905895 0.7002935131386098 96.53938766315306 0.8950581168589039 80.35708907146925 -0.19010210799772478 63.30405485358416 0.42711471844556964 
77.65440633121966 0.2631271566527693 54.35006609261512 1.2869944219534415 31.145712314734087 -0.006462773287953277 18.22696906055839 2.5368922335565838 80.77096483952486 0.9134576474169226 96.47380345689076 0.736643996726726 80.04297678993323 -0.07025475080550783 62.78504253999175 0.12278867646481528 
77.16668847506784 -0.5293746444669962 53.91505736058871 0.41948018886760957 30.017101962572916 -0.7712904053170773 18.259642558941398 0.871030226280771 80.91358438752376 0.7586510500174741 95.2348357253382 -0.14983261290055355 79.24777608463212 0.3645422161410879 62.74606742739342 0.8850643291379927 
77.75115069725506 -0.8557881744006417 53.723799686311295 0.06950099815961863 30.29338391931036 -0.4711195923555418 18.51817048440268 1.3468755585259535 80.63305581049309 0.48741364909079643 96.4960169648957 0.1613956056167518 79.15372448649981 -0.0473576424776129 62.38969796318355 0.42075332492936146 
77.55104622771955 -0.6698557937556571 54.08098751329661 0.9835210899649345 30.487504487388076 -1.079930908896237 17.989469590420377 0.7710231149071983 80.89149411084526 0.9951631855594332 95.78898133781375 -0.18673501633073802 79.4211791481177 -0.670834312900096 62.79919371719668 0.315347794704605 
77.21639275581634 -1.0219967392213198 53.305860202104924 0.6055434108724158 29.706395565572308 -0.753840597749689 17.876969177702037 1.8993057946754415 80.1292339308628 0.5147408803590742 95.22619375396114 0.47404223417625857 78.3659458509233 -0.3333956107318113 62.20139815439636 0.8684003386921273 
76.6574352140805 -1.0102685109993144 52.65403273816495 -0.276019305957465 29.763829393161707 -0.874346711913499 17.40076646702228 0.43247490985931347 80.15114827255475 -0.24376671997121047 94.55674705241663 -0.1025760543602176 77.91907825061399 -0.7232965630179218 61.155776291706665 -0.5945181721368985 
76.87628713715107 -1.4127563338765776 52.900192731198615 0.06959202314833302 29.899755576182443 -1.5662525794186937 17.83564464166742 0.8896426677461624 80.11359756557128 -0.49025758168172995 94.82505137822143 -0.7467755236959964 77.9696446365564 -0.6079995047162305 61.210811159896096 -0.015900237729744998 
76.40892062466347 -1.7149012278873204 52.818571102360565 -0.37490894430371363 29.86334361380743 -0.83810754248756 17.705157957169884 0.16464854738301493 79.15257100634463 -1.0506096145388932 93.99757614355752 -0.8278250889595135 77.70794463644447 -1.3867803278672077 61.53859932075467 -0.4906461965006235 
76.8960516052162 -1.9880802180275639 51.26079153518706 -0.982798466125931 29.78431383097195 -2.043968534001723 16.635319836937594 0.4502408060494279 78.10868969472192 -0.5681867629493872 94.31403760227717 -0.8246112653312818 78.58492647774808 -1.4834793172515477 59.638029177522235 -0.5741795912793928 
76.8543499196598 -3.0439235502967117 51.036259952726596 -0.9732846639255971 29.91498960876582 -2.8265106829676236 15.848769810502695 -0.18893811083688355 78.55070487515529 -1.8807747719164798 93.57880145598226 -1.5317722328544485 78.11139384993763 -1.8176506853207997 59.94990233723595 -1.730430192667212 
77.58163221539957 -2.510546425890834 51.016525811009174 -0.7762606884837733 30.275074787005074 -2.899078371944883 15.965859513237948 -0.16956188732142308 78.27303822704303 -1.502039776410309 93.2287341169421 -1.8379037706766053 78.22832948281848 -1.987306163371259 59.87972754886812 -1.373445322783122 
78.21287887025801 -2.6914920406900196 50.86707517680584 -1.4168914325131328 30.932653625575213 -2.0757910276001743 14.75539139686853 -0.38672993787048404 78.2746850354269 -1.8006546550429026 93.6938420207856 -1.0135855694807252 78.38052047666514 -2.092042853733686 59.57970245930888 -1.0394748299651615 
78.54240604493937 -1.9773816420603716 50.194944304479165 -0.9144089684573973 32.07159145587046 -1.6534445481751048 14.944810492601551 -0.07150981305456816 78.0677602054133 -0.8042512885267938 93.48297983951542 -0.9051224846626114 79.12644273000663 -1.3358973870497084 59.38006524634635 -0.5268277557285881 
79.23583907381366 -2.06076542240067 50.58326288034677 -0.3880809857064047 31.711035611220407 -1.7316978703655834 14.262065291867536 0.17274482346693065 77.54060011803335 -0.5973135595284297 93.18884129761105 -1.5198467451736812 79.02911377576942 -1.9392087592201082 58.70912612006244 -0.3663289483994422 
78.78907310471247 -1.8118147440186807 49.44814405539845 -0.13585261800977916 31.45184566072002 -1.2785849170391654 13.225741363742497 0.26460282775889843 76.91020615158013 -0.5376692140743861 93.2770992404276 -0.5596030295352961 78.57096233449289 -1.4509260961770991 57.870310424488615 -0.7702414640133457 
79.46906920093141 -1.3412723357801148 48.89556000076294 -0.003988766736609306 31.672187686605074 -2.4622175559323844 13.071148474391594 0.4609354402831576 77.0759078406099 -1.2267856869992757 91.64685880575686 -0.4275874186408142 78.4347568116527 -1.599090827029536 57.744219980588625 -0.40562942138065344 
79.43951463283176 -1.3730958253588557 48.52206108529231 -0.4085412431633654 32.251097859672306 -1.7740591098899805 12.420238432067316 0.23915788491171905 75.8565936350341 -1.243530504852916 92.40085630996067 -0.4541454607722073 78.70764900186798 -1.2818346288098128 57.46440527311347 -1.1602047094125316 
79.80758864965101 -2.014020268623704 48.144833034995365 -0.769362226434744 32.40963316418792 -2.0015983999760008 12.396094679446671 0.5571324558285978 76.45756456126443 -0.7587908053984258 92.46445380103494 -0.9382836775534222 78.39508347290374 -0.7216218451149975 57.32258780999848 -1.0806468911129932 
79.86269788362573 -0.9946578436396072 47.56438098645513 0.15258310644210665 32.56782105981795 -1.2534157203270309 11.655865599132865 1.9102654185489532 75.39093575139128 -0.5003816533002834 91.54588636670012 -0.40525660905864513 77.58993993300304 0.05026202257836432 56.44303612824753 0.024743969210392583 
78.96374566211897 -1.5199018563019133 46.46931191127851 0.11487202013989663 32.5051971861555 -2.1580349132371333 11.060351501209528 1.2586437919860007 74.67583271125271 -0.6322622255020474 90.16229181955379 -0.5777057538656512 77.62484012491302 -1.4340022023603494 55.993476383428316 0.21512558381982128 
79.30707882108828 -1.0618645406398897 46.39168439784318 0.05977408017386365 32.284866383742255 -1.3640902592048127 11.51387653364764 0.848851812594307 74.6443185471207 -0.671868669537587 91.02228826697588 -0.7848269818210785 77.53802539035215 -0.8432795751196719 55.57251447325737 -0.2856643466834611 
79.2470493651382 -1.4198422163461457 45.78943249296062 -0.7461643702062015 32.68918831601321 -1.4278826300881855 10.944099118252465 0.7213739418382595 74.20367186983493 -0.8774143428674404 90.87060273266944 -1.0095102100436995 76.62327679453776 -1.4966054470487187 54.357094835548494 -0.033487292897472154 
79.42002873866001 -2.1697019336314742 45.17109730364697 -0.4544340094146474 32.079072046885244 -2.008698980944897 10.162996634537693 0.5238772991470315 73.89091573852029 -0.903802065634159 90.01552575859017 -0.49875025206245904 77.13962947326515 -0.9501536877463368 54.11372389794266 0.120682191457538 
79.8253288683685 -2.208474751987836 44.38519317656622 -0.5331586904402639 32.00271246215843 -1.2697773624260853 10.323414618387107 1.0443250233614763 72.77412762084285 -0.49581359830959904 89.30878204995125 -0.6385819364982733 76.35640226856218 -0.8052263365465195 53.81406683205469 0.2855300572278547 
79.94160066608096 -1.3679239289515934 44.435841780493 -0.5051607215314623 32.407716875036805 -1.750683838582666 9.916994568044727 0.9533895073115009 72.61548939050944 -0.0262040449248937 88.51907616449765 -0.6559705067949766 76.90201129736927 -1.1627248203372744 53.17039501468567 -0.08868527666936984 
79.11390884975656 -1.927118450262962 43.45252832100464 -0.25744975749546983 32.82338624398074 -2.0230861929248536 9.791361510235605 1.2069893745120175 71.80734533488692 -1.07739869726773 87.90901677930853 -0.6108766899713405 76.0603800242818 -1.230704806765876 52.36156031140653 -1.002446539536976 
79.69261648012771 -1.7621313876549474 42.514624495154216 -0.6548584718106059 33.67971536207756 -2.7453025024665707 8.603921649856531 1.5171620114095603 70.89872683085535 -0.6984534010957104 86.72702419118363 -0.7554476901049518 76.32385297678302 -1.4283791730470357 51.58731248834374 -0.8520054593392372 
80.18389752404183 -1.788849928327282 41.98143463639604 -0.7751706195979596 34.02333145439862 -2.538593496358934 8.196750109569196 1.0816133871577647 70.15724227538446 -1.24599628274133 87.34262176578852 -1.4400631513843454 76.34003145666851 -1.857461632005983 50.18718403875292 -0.6284644349587841 
80.73607398503138 -2.4282484492705274 41.29186956573575 -0.6107513971090837 34.72614471233949 -2.311598548587355 8.604483960772622 1.78022718135324 70.1674127097864 -0.9435326259561178 86.82587090725328 -0.5807840655636727 76.35147805213688 -1.4930699132986478 49.91175186599183 -0.06668816030142283 
81.15286710401323 -2.0946514258537094 40.22592781877242 -0.30720808672840305 35.01335222235823 -1.8025068309328536 7.630785756245597 1.7186611485631573 69.333804225084 -0.21445500807699674 86.8589793521336 -1.235918237539295 75.90111156623314 -1.4548253861731344 49.16479465801007 -0.5800592914564854 
80.84826545018582 -1.9048130886626626 39.94314579144399 -0.05716492421304176 34.70232268495473 -2.3363613911136136 7.610527630432752 1.8004752409573173 69.36372084279006 -0.8724175476723101 86.50691969436473 -0.8029904380865762 76.00476518280708 -1.2540111694630014 49.87733814540338 -0.5812927767501953 
80.99449831602699 -1.3303629712641611 40.07847569645161 0.16041584677991147 34.614290775614194 -1.684205545326071 7.896053134748938 1.1791341693132673 69.25389340506071 0.037285276491247576 86.20535597485372 0.08215817905886136 75.7402823786404 -1.2326882660968583 49.60327953829123 0.665267918385287 
80.91540422506611 -1.5875352787917183 39.30091980032739 0.19609308539043316 34.38523470703139 -1.2737392906131815 8.583976077336276 -4.472402245636152 68.2257344036161 -0.261378670357459 84.81127598799752 0.059188829928747355 76.27652081535177 -0.5055640291174454 48.59513158948314 -0.3909012067969572 
80.3374741063901 -2.1845881786441255 38.20482973706691 -0.15414404026219133 35.10070255930988 -1.8396723058746198 8.222029214644843 -4.376974591630711 67.87438774817473 -0.9595799902065878 84.5266652356128 -0.11432263699012657 75.02328593396794 -1.0516880345033688 47.99204294110415 -0.30402655463766565 
81.19428513894763 -2.458264131960772 38.199716448777544 -1.9299104501787867 34.956517030375146 -3.2350651823397656 8.63768989588322 -5.599356478831005 66.95066478128821 -1.9785408287188637 84.39010824317775 -1.5038200592626785 75.53566768549742 -1.9828401374599238 47.224880251791895 -1.4221520001316943 
80.90430853764686 -3.2884581676201563 37.42336298231047 -1.5182871239919382 34.95481834668458 -2.576306625538893 9.103539665250974 -5.592018221373972 67.95006242829794 -1.3563099558065523 84.5559275515937 -2.246976347479735 74.29711356839631 -2.3590708885852942 47.408219998134726 -1.3154316796706058 
81.11373164881209 -2.995774591453934 37.86270376041931 -1.3037745711069446 34.75028902735475 -3.2611130969616755 8.276197049151516 -5.11255807204801 67.7611428638209 -1.8569553947035038 84.18735027259112 -1.5926464721254567 75.37132018990214 -2.304938025371374 47.92567644319165 -1.3998081973090513 
81.63071584799901 -2.314315783229972 37.823165356752305 -1.4382990841415952 35.35208155414565 -3.1414746005695524 7.985457277673715 -6.107376609079297 67.76882533747587 -1.7607350765962841 84.3206383571617 -1.7876470431119265 75.16062604028942 -2.3168503271350294 46.91329455925873 -1.4689242136080458 
81.44228440359 -3.161209507706591 37.984824521153634 -1.7950155531628094 35.174732188797115 -2.720735953782977 8.185486049787798 -5.543298987281878 67.80283892437893 -2.337106174738836 84.91291624259834 -1.6929797214918132 75.16681646960876 -2.8595138158750837 46.594845407928986 -1.2320117757325533 
81.69169278829013 -3.0722293697352407 37.87235564847113 -1.19800273847523 35.808233780063496 -2.6091942843613456 8.419963810843564 -5.293266303131441 67.77074396396715 -1.3283272149151188 84.55180848230435 -1.9474588564688093 75.12552392621251 -1.918724093641004 47.08097802256681 -1.0494679353513856 
82.54136419656939 -3.2408420258463826 37.921835568954116 -1.9584823467083186 36.57286759254677 -4.426078805444551 7.591692364764094 -6.143422394093062 67.41645791776784 -1.8670702507681594 84.46433129598266 -2.9938759900361527 76.84908226394755 -2.750013393507093 46.99168721453084 -2.441102259331499 
82.28575483321738 -3.3033623542243427 38.40081717635221 -1.7965366169223829 36.904190892033355 -3.4079708398899893 7.31190794030918 -5.814742610310148 67.42769465982063 -1.9639286560863718 85.12753299297756 -2.536699073135931 76.64022366149993 -3.2768681083441367 47.4319592350257 -1.5504463177891439 
83.4920161666183 -2.6746365799064296 37.96228844167703 -2.3247839953962277 37.223729994489936 -3.24368246352955 6.176875476504315 -6.375274747068415 68.37632559766911 -1.8102297409455972 85.03867219895585 -2.588855978374479 77.59956933708577 -2.593240616803064 47.46913687740485 -1.5085512968461012 
83.75927084042183 -2.5791619833320203 37.681716383435706 -1.1804090718441165 37.544407623220124 -3.676884244154545 6.169743320366127 -5.506762051455177 68.33162821067562 -1.58228793302224 85.89731847489935 -1.9937057916042757 77.08504224167089 -2.728569667647283 47.78028238662374 -1.8188838859947385 
83.971394180513 -2.370389693191664 38.46555195798721 -1.245435440409414 38.60750127602192 -2.9198635779223903 5.521259419680049 -5.50237378561659 67.96181283838396 -2.0267955067660823 85.87141849832395 -2.495487114946013 77.85611443439522 -2.5757744649850234 47.91229757483744 -2.166858811570285 
84.5872504418675 -2.698749654703997 38.04151659344466 -1.3593068535242934 38.03618993280139 -2.84722010660976 6.0865887084710835 -5.2917437869478245 68.67076895806507 -1.406922588781299 86.32686079101269 -1.6881261726926928 78.22247495149371 -2.0728907574486626 47.20401228571753 -1.4164352421047306 
84.74756540515578 -2.1417403033973144 37.94168361143589 -0.5950868251902001 38.82800599885145 -2.855954060819186 6.1781729823920175 -4.891377113158232 68.27722408449198 -1.1665341685874406 85.50074890380732 -1.1603945488634209 78.42455905411325 -1.8764812117788285 47.403633652044746 -1.2153680959776136 
85.09938936667379 -2.355709529994993 36.958183485952276 -0.5626588642346905 38.894198977596595 -1.8065277537933389 5.850004845179087 -3.9789802154412306 68.07012271139479 -1.3523413606143284 85.50691688152888 -0.9555975076944724 78.05624531373772 -1.88340221796717 47.041844459020865 -1.0278737601146588 
85.28449738517251 -1.6837796778051093 37.03100843745264 -0.8519394552319162 39.72963979892515 -1.9710710124749742 5.753215581705082 -4.152686176563981 67.35478464709831 -0.5317883232698193 85.03849164314542 -1.7945843017542837 78.58171656981291 -1.2941571060100108 46.5136929122147 -0.3840171124746593 
85.99627082476479 -2.0133674724929245 36.64136193130897 -0.4852396545451284 39.78732106017408 -2.087135712345575 6.804926110210475 -4.831483351358059 67.9478972845629 -1.3571978614905453 84.84456890452846 -1.615315538723055 78.79112728606187 -1.4892149079011383 46.567736236116694 -0.8545879466875067 
86.29989761763058 -2.1169170953958893 36.52122415921897 -0.971877081198168 40.509581400386665 -2.773940889029146 6.404527403362795 -4.370324567134197 67.5000102237769 -1.2381632079755893 85.05888559834943 -1.0273344415763588 79.1150160079737 -2.0695202256323357 45.89350652646113 -0.6542144747464533 
86.76925099227809 2.7217641661054968 35.43996027558815 4.21574060134289 41.6579151836968 2.2911013740425896 6.499641757843543 0.7612353037426756 67.25485022382023 3.5665002177859604 85.2562538383403 3.6328820743008245 80.21713099616629 3.0085763298086707 45.65441369233466 4.277376932524625 
87.60700806453282 -3.299653600468715 36.2569262333276 -1.9921216136423738 42.00222248927017 -3.5138752291460538 6.214666808686462 -4.319822468284752 67.87783746996308 -1.5807280201161151 85.50381774815745 -2.4985439002505454 79.99234989283752 -2.321128894285591 46.70316204739934 -2.79912269574782 
87.64250944255005 -3.3678657802949425 36.66143736769952 -2.4385752985568656 42.526594493402655 -3.2004989102409316 6.033560261862121 -5.015131200603776 67.77377351746401 -2.250563742897678 86.16971646562524 -2.482534862011405 80.25727699904185 -3.0820560568044133 46.8484384624379 -2.5970373501644977 
88.27698123306733 -3.4663575679951113 36.924244777390776 -1.5224753299731058 43.088169403098384 -3.199453078360791 6.364049835334912 -4.810931243843802 67.63666199687059 -2.1294665057308952 86.23745081875956 -1.8738584349649496 81.11394466621671 -2.996916299947793 46.33525717950218 -1.9703163944125586 
88.5735663411465 -2.7618651313305866 37.2000210851014 -1.6962425853009337 43.04607789115717 -3.279167121839794 5.851334362263263 -4.516129926237904 67.91941187291047 -1.7954890486862618 86.06733943301943 -1.568007910728099 80.87615852070219 -1.7864894347016107 46.53749327686365 -1.1109416137246102 
89.11427159475097 -3.8311395985078835 36.82593124448132 -1.4734397561889954 43.35394293438231 -3.004251707562915 6.364417357909537 -4.761965128652838 67.61130837592219 -1.7091897048528855 86.3050587721058 -2.2368225000567103 81.15359094659313 -2.571869079087611 46.52372708772465 -1.461291092599034 
89.05114588781959 -3.218987735983423 36.4987565495182 -1.355667405847883 44.16036133542008 -3.3085464945590854 6.0620601251345025 -4.113151110935935 67.71834620625394 -1.0949916407235816 86.40510318282679 -1.9062781461590168 81.65218184618853 -1.8592228982689551 46.215069409909425 -1.5846455273433753 
89.5152539644158 -1.9000775426626269 36.223548615888376 -0.929991410937017 44.19781821946291 -2.062007357750508 6.422164015602052 -3.785485745108635 67.85495263997285 -1.21034289853565 85.95922040329941 -1.3568886210691296 81.51338468572017 -1.6449986848340725 46.435020330008044 -0.728831642206255 
89.90494671324883 -2.792761575031396 35.91381129512956 -1.7762952396482719 44.587697552512275 -2.2547376212948613 6.96405549178963 -4.090038914622979 68.17426836791623 -1.6590294159376466 85.67828933279024 -1.8047166795190608 82.41829076828822 -2.477376399037646 45.932710178254275 -1.2925026558453867 
89.84116985980869 -2.5353146161630344 36.356291857018064 -1.411547620778825 45.40689090244626 -2.6596704180298865 7.0929745484779225 -4.440748035574352 67.74912655370592 -1.1627543426165607 86.1847641082127 -1.2772745205570777 82.23524139354431 -2.0336972491658556 45.91459888847092 -1.2250832661385467 
90.23108283564575 -2.970877700272033 36.254835630453286 -1.5401551168179475 44.754012402319184 -2.8442548264046876 7.4996407638999125 -4.193740902451078 67.7767078013436 -1.1674889578755416 86.33437707083041 -1.3169426659142676 82.16555152094948 -2.014078684803051 45.826839748714804 -1.6446203223911926 
91.07177639898981 -2.7740958455913147 35.646157521588044 -1.4670187522957434 45.14675586269278 -2.985403004633812 7.767234627358537 -4.285017271486663 67.6291671716843 -1.8467716752169498 86.24877720492522 -1.7136117572670921 81.78896681041022 -2.5869629182522984 46.463509871078855 -1.1533504921862474 
91.0012984829727 -2.442077350866178 35.80714328842968 -1.7818361912513812 46.37888176933985 -3.081953180606687 8.198015818295746 -3.3473221788378464 67.93346767315099 -1.1213627481849209 86.87686248450332 -1.1708317536274302 82.47576865871667 -1.8549031804050253 45.72298052211202 -0.8262138160879331 
92.27133207726393 -2.030767957116903 35.425008398825724 -1.4154858165270972 46.08526820686768 -2.456192847434204 8.836824272975027 -3.4769074696283533 67.90746333901001 -1.2661440647702094 86.08390144308638 -1.0640402981706332 83.48440991557663 -1.5593043274700498 44.90996011140609 -0.8082683972467788 
92.40794329371565 -2.292568273167298 35.205645596020524 -1.2571001703691018 47.11960654468284 -2.271172772147111 9.672871526289223 -4.180340417341932 67.99069647230182 -1.4764536682841398 85.96682903768131 -1.767462655453922 83.31701770432504 -1.7253841717314495 45.49764410688958 -1.6506412710106617 
92.44055731799158 -2.3346029476109855 34.87026231949217 -0.8180812908394105 47.99941978641482 -1.673614062262577 10.72747334322728 -3.172797294270003 67.6709591517528 -0.7830759216613167 85.88982681513804 -0.4433494423994637 83.47869452932068 -1.8690688297134324 44.265074423234516 -0.8825333944089817 
92.41008210307122 -1.6640696205258014 34.00260852871082 -1.684221919760862 48.345192189423955 -2.4715479238640827 10.593464728027056 -2.9867600540655443 67.10390633328993 -0.9094490916389594 85.69212045955214 -1.2842820151631746 83.31029955867453 -1.866720672093359 44.097579223124974 -1.3901532018726295 
93.14623801303387 -2.0988181536046007 33.84475951310568 -0.6070755253326123 48.097860745393206 -2.393708863340452 11.188232157780511 -2.9732390616906534 66.07890656900173 -1.2752696321674544 85.71169089100641 -1.1623402713680995 83.23098058952453 -1.001636294073513 44.14086847177962 -1.532363275985598 
93.12999582019872 -2.2234217955637834 33.782569122228516 -0.5150502114128801 48.64159060758521 -1.862488663213396 11.082918356563452 -3.283824324256642 65.68410103028333 -1.029495694369355 85.4940001790658 -1.5507165945042602 83.34152909950343 -2.1400128234046147 43.9249309104671 -1.6005900193114866 
93.43967319615024 -2.307842612981168 33.321994689443365 -1.3480043057227986 48.724234139104794 -2.534269847420044 11.737797244520028 -3.486864098839016 65.8730034896488 -1.2146995322494878 85.12807133632856 -1.4186905128316545 84.38567557436332 -1.5435477179454877 43.665628462816144 -0.6789397364364141 
93.63237979176651 -2.221487382824882 33.711215005522455 -0.7985912593295131 49.281028226678735 -2.2190283860440876 12.388770784780569 -2.86116462700372 65.68415783346512 -1.6010699384698617 84.94395275993311 -1.4571564685502536 84.35380769511652 -1.8689379152542454 43.86781901257662 -1.4238484286789772 
94.25159322634072 -2.391221318007037 33.054965124378064 -1.3891770682995648 50.4202002850349 -3.2923058361686177 13.008674718597055 -3.8817890335860836 65.95831605596562 -2.1513331183331093 85.66942881274821 -1.6454351202936064 84.15425388272853 -3.0288401889265857 42.89842762032177 -1.7453298062758498 
95.79884777674147 -3.0366879114341447 32.9979452457025 -1.6269410830195132 50.19915040291384 -3.332722370336808 13.619573525745457 -4.4656707974989125 66.83803256168909 -1.8857684452783414 85.998846739696 -2.190865756854806 84.94900605919098 -2.784885819685491 43.30020505613891 -1.8395159486507429 
94.66728973111567 -3.4616953403842774 33.30775777273774 -2.4646770562424503 51.023794248456916 -2.981147822609658 13.198398369798099 -3.77977728834175 66.18805655203909 -2.2114033898971535 85.67942405080977 -2.0274123082870865 85.05798117594458 -3.18213657424966 43.47518962038591 -1.7147817540994774 
95.16575957460053 -2.9258501485276964 33.25720106951901 -2.0130843381921935 51.007999430850504 -3.5556034695675063 13.386273525141702 -3.7936074823754167 66.38617525040513 -1.8677183414537852 85.25475090495267 -1.816409568730698 85.33290980291119 -2.3828211046355805 43.7315112732298 -1.4306543724119827 
96.74940918161802 2.3622606115611613 34.57142674555183 3.6236195778042175 51.41777691344591 2.693079743120761 14.060552543585665 1.6945132230025621 67.54464345403339 3.558805650152299 86.57048640893002 3.836495501296981 86.04647136869553 2.6442700822853906 44.6429206793149 4.143825793429926 
96.23468081281422 2.7695329809034983 34.564283362671986 4.519573181144595 52.06375525506658 2.419045043800175 14.340141290157796 1.948667859929982 67.08220570263514 4.993256754495227 86.55372235063778 3.844965442954658 86.83211952906221 3.3367995587953825 44.366687335057506 3.4537590379862566 
97.2927297386018 -3.0092554579217556 35.233074545771 -1.7856377457524035 53.20687169935283 -3.539415363629709 14.764008706575215 -4.498344843637836 67.98325570631927 -2.00814048244524 87.77798700654188 -2.6583209002655854 87.33730986483224 -2.7057784119524237 44.59533711855919 -2.1511240926476916 
97.2765513430891 -2.764000642345767 34.134898198701826 -2.1991736184059887 53.27238383841059 -3.496108890438 14.033660732751377 -4.279217959293441 67.92299249608725 -2.339032554050363 87.40071607502308 -2.6523960067682926 87.68942776408474 -3.207476993024175 45.053436226284965 -2.6796519895434563 
98.16081161546276 2.9765760691729923 34.968316763803585 3.827220713962989 53.734172408165456 1.9763036047290523 14.383326157337493 1.4206222927967032 68.72512257776594 3.1572420195205315 88.44923213073322 3.275837894208821 88.56412260791181 2.988508854457845 45.725103836673725 3.60303359603639 
98.93540545151268 2.5654955543549973 35.023777378702704 3.5255356851830686 53.52057491240809 2.841990071037632 15.375607414359047 1.7375715763033603 68.37140312361878 3.4586052657335404 88.17752135746656 3.1562080708811164 88.11594115454136 2.6910337582060713 45.515446164142794 3.643814364118791 
98.07618485147441 2.2939308744647096 36.147964383329345 3.6677400042500454 53.973017586650506 2.1033811206451274 14.830454720662912 1.6958006611526086 70.18716096180125 3.5393763516806827 88.89751693850516 3.2467122084320437 88.70172866201293 3.4248959896012776 46.6490731031063 3.049932815806513 
98.80235145110322 2.2394148499467326 35.99236022403733 3.704017131575426 54.02741664140468 2.1183269625613423 14.609365804435038 1.6326829085976062 69.18315145907549 3.1061345477765894 88.41630619776501 3.034848667734928 88.36262357388479 3.041189042998112 45.94710665332994 3.529491850221156 
99.00366585064839 3.0113193226743338 36.92610686569984 3.300272461957622 54.692662662990664 2.1796026752956186 14.878985740040914 2.3145505582617103 70.47123414434928 3.8078250009380943 89.99105147552162 3.5453672904868085 89.4831434531718 2.887923192688193 47.12174011043334 3.0654301219860796 
99.206771420427 2.660078806060882 36.60023992368822 3.403204197758488 54.6976488318823 2.241975816907878 14.308206586559587 1.9626797044515798 70.5730390953889 3.580068557709182 89.96278054805181 3.6571142630564464 90.02608311030848 2.865381221482268 46.96242302467777 3.6142826373282624 
100.24942923439326 1.9733310356205518 37.95194936936519 2.7669253170154664 55.658946378817824 2.010106189350317 15.221912614017935 1.8814984777613795 71.12565270402803 3.771431200831849 90.52914262059328 3.1884967456719537 90.58875941546128 2.7818732339858028 48.21532070065304 2.8728653087496667 
100.54397155034428 1.6652938724148372 38.26709462466533 2.601408145417294 55.309653109975855 1.5830612068103043 15.497741253657995 1.151115543402355 71.35118295641762 3.5917878979443714 91.24408469045962 3.164869195378634 90.670314690062 2.312048865390609 47.797087152098904 2.638448995277146 
100.74979645932834 2.2790460830555457 38.4103806498582 3.271332392517081 55.766328410513125 2.0708993406344978 15.087546534001493 1.0420970677383183 71.8598241160293 3.381777213142919 90.96861136189905 3.2027959326849427 90.71901232350795 2.459475693181171 48.382628248480216 3.7499623713300334 
100.1982197680012 1.816268546811734 38.81530024549865 2.899057448666006 55.4967013585474 1.6373165119977287 15.013157223918798 1.341702784861622 71.8666054702852 3.030209692248814 91.79820255548202 3.040394925395408 90.98802403497561 2.3895035367228643 48.337761069812665 2.724868283031764 
100.69969648325804 2.7080034309304226 38.8019854315856 3.163306306889018 55.729469246339264 1.8072983145330686 14.970402378307064 2.170041855454615 72.56860536194768 3.0939699096367144 92.25665204974894 3.3825247458566507 92.1179768580941 2.7015453834725207 50.05831041173564 3.3525556939592716 
100.76933528398808 -3.805448449563991 39.642378009866334 -2.368417781362309 56.64378338321142 -3.0780650714708253 15.25354411922114 -3.8662007229111706 73.49261321842516 -2.8655615945075406 92.85911896224341 -2.7926576680056727 92.36933605190748 -3.21858245946882 49.59853211383345 -1.7587780547671676 
101.94294839650642 -3.4001221111193716 40.09763925965136 -1.9902879705381145 57.68687867701045 -3.7309988435049832 15.788129062433006 -4.557095995038744 73.36504429700499 -2.2954925627444163 92.8707333353158 -2.6637972357510673 92.80914157254952 -3.1710029106152984 50.065896900880524 -1.7038060545714007 
102.8757809029057 3.2745191654855734 41.002146444307144 3.171824920825501 57.4357577979594 2.2344799932418122 16.250242344845244 2.705804074446593 74.16473030675448 3.358248775691654 94.41025745049863 3.089158934671338 94.43766623934356 2.8267106123173433 51.23709455062429 3.960771137966389 
103.75336284975312 2.4653328154061778 41.43756621246109 3.1973991003160585 58.21828599786525 2.012486755947314 17.02558722586995 1.6032392832906255 74.83043885938096 3.265947594216386 94.72226140212561 3.5144901921464653 94.0212918135894 3.1554805134732398 51.954264960554355 3.8828195587573413 
104.32500170454662 1.8220576826644566 42.19305153646613 3.0055836511365657 58.86572401609571 2.0074410133407516 16.71692622019869 1.5116398151401211 75.70737985413554 3.1475627863702216 95.68964502162514 2.4348645260327917 95.75855606387053 2.3345757623375634 52.50132088797621 3.178848428686752 
104.48425128908953 2.6271496756685493 42.60200239698259 2.898963443627493 59.031236981015766 2.050429942754816 16.596793345388292 1.9635252318179708 75.92402780899141 2.609497256661041 96.03354549539439 2.1915451646103463 95.72876995199947 2.226611615481613 53.21884539058834 3.353376337634087 
104.49151255018532 1.8069248329370828 43.63176818192729 2.737766011002261 59.65218004573404 1.3992132754543884 17.120099816265608 1.655925165516013 77.50362781034164 2.941614452579623 96.30626591382702 2.6908719659542797 96.46046890779728 2.1442638357086445 53.18687014217309 3.145737294427752 
104.991779043532 2.9430402407993266 44.50319088658271 3.5721185988427226 59.549179034442226 2.1021479469776283 17.64456292971829 2.3034459791188646 77.29062453699545 3.2549089616371565 97.43260906846737 3.1830175763449047 96.64155900467897 2.864384053638518 54.20133632021384 3.1146169909360806 
105.73335973579289 2.682805116725781 44.427393814393234 2.9268752945592365 59.77473532185198 2.4544400601660725 18.494590391360425 1.8752811680708663 77.73854481463937 3.733499081720239 98.03903202643745 3.238862845293631 97.64632390954208 2.7430134104112533 54.730459441979015 3.935727814882486 
105.90746854916446 2.3353136402304666 44.248491369123236 2.703193269734438 60.38719247685706 2.107413794511059 17.086910092360966 2.2707601802652704 78.21147376715334 3.6697072290050143 98.04792743484336 3.4361152462597238 97.73020480610008 2.8429667994588126 54.54220073682564 3.108100077593537 
106.26007430157087 2.8753272390002413 44.82875292747248 3.6292591906159606 60.16686370554182 2.7236990389037476 17.957456717390404 1.713319219823467 78.76592921921538 3.354926338165421 99.14600295286843 2.7643661953761285 98.08890697013112 3.141168515172249 54.70383052192299 3.3249584451813807 
106.71670797051938 2.6418369860966986 45.319106536722 2.96681057863549 60.654895367329004 2.488275062333516 18.35420224199273 2.9652158573981775 79.49623846095629 3.8646121797418376 99.09177719898801 3.398871335184796 98.51107215990397 2.826408578511295 56.01487365338165 4.146423294965684 
106.6950988766796 2.3632532222316995 45.592126031936516 3.0046558874130906 60.851122570187094 2.383681969608348 18.614854113336076 1.8053781133960165 79.45193256641667 3.052615645121051 99.42420532685531 3.757116494144205 98.02845152741044 3.068791972337533 56.28044966398943 3.144077029302135 
106.50909316599542 2.2349474045408004 45.07974552100367 3.078347315817805 60.996438748245346 2.118925315342789 18.392697181454732 2.2371092399312467 79.46861270715488 3.9145708511688406 99.05300516253469 2.6663707325801904 97.85227105563132 2.4873661168033543 55.481008129993256 3.5274438248473463 
106.86123269904374 1.7260724599953696 46.05028325750086 2.907510697336689 61.14905242960825 1.2900579920202473 18.76699438112594 1.6949675170719296 79.6866552060392 2.821644496931003 99.72419001182374 2.6967352131317748 99.85823696438402 2.007378868999454 55.838154754958374 2.131148733631707 
107.12474138089473 2.148937966802127 47.19262798221614 2.972500178915819 61.44644273311108 1.4151229624577641 19.10368589002973 1.8490185611690833 80.3518355837761 2.900800265904187 100.25904660604603 2.6603197174608253 99.28564539840784 2.5376072656944153 57.320008581040064 3.4820043841220887 
107.6820800431943 1.9009987129977968 47.50406620213841 3.039126199675197 60.87423892004452 1.432390136314297 18.68145753730606 1.850704329132035 80.14970800957438 3.276689137586468 100.7973825036744 3.5055522371624575 99.74701102924168 2.238485364160567 57.374342911998035 3.0286821993754938 
107.87736092577981 1.496701077837439 46.708979470463056 2.839109311195423 61.18531519459343 1.9408066310457497 18.512291285199932 1.8395734819564729 81.26692971779003 2.70424782611213 100.75459851344552 2.928335087708069 99.98167145081497 1.5279704670191214 57.47085520221194 3.0408928772084702 
107.46289577595216 2.489103676593805 48.529037141168494 3.439357364718993 62.02774601739987 2.8405966250599097 19.231596981071153 1.7112866701113325 81.90556603610919 2.8572690776735628 101.6148115066396 3.153575206274112 99.39326498878987 2.562542502028624 59.267450078970505 3.301855643300125 
108.82247340121644 2.576833084255501 49.60974827823714 2.5387531310887663 62.56474957214782 1.9740880884896137 19.90026236740063 1.8865995981768302 82.58852642301942 2.8853289040003807 102.10118464825707 3.376242286728144 100.69130070220552 2.221032160876393 59.54250915035781 3.1654459159082275 
108.86424274433173 2.142499603515925 49.92743377736221 2.6720300969403783 62.55233430785282 1.9944208054671682 20.075251747136644 1.704965682362625 83.66660706981854 2.7339794695949617 102.58393780075163 2.5586609128398363 101.14653966452244 2.1347076799390976 59.742192997817305 3.502793913031704 
108.50066050407165 2.118720402594036 49.61064710329367 3.355042162404102 62.61263478090733 1.7242412473054372 19.761915676093867 1.8919316547025886 83.25864053332741 2.8161166212598756 103.45268142827634 2.78190655170098 101.5644154871254 2.404592693191924 59.73468812495815 2.990426679217859 
108.88934101214875 2.446007999386292 50.645254864114136 2.86934777119121 62.50205356366278 2.6134057842053546 20.03017324365367 2.350034192409168 83.97262526473273 3.3360824560077567 104.1790039018671 3.1679575278700423 102.37715025133407 3.196416580840836 60.7646339627843 3.4088427603272464 
111.02190316589196 -3.163219231518217 51.500485932855995 -1.8340535569878351 64.24251496697647 -3.116926469733488 21.521835194706483 -2.652569409783822 84.79386979137593 -2.328784680156348 104.75264934989072 -2.534318695523525 103.14237217457126 -2.673808187859645 61.60458053867782 -2.0188304822240766 
111.08535499782369 -2.5764833040530015 51.752977969004405 -1.9484080004091173 63.942290492612415 -2.3386266585008206 21.955327606045735 -2.906569695765222 85.0421442938471 -1.9652510297703933 105.0702895915662 -2.4900662387363024 103.44325852345301 -2.6302193765768678 61.68317877305662 -1.857254819646349 
111.30331969588157 -3.5167552722886968 52.33947816047323 -1.9727820391212507 64.68600152798885 -3.56837915933051 23.030784496159253 -2.8310404652221943 84.86777439841968 -2.64916178826238 105.2111901303753 -1.5367160795936943 103.87256025978604 -2.9608501297156233 62.34185505010739 -2.1005773221305453 
112.19740360172578 -3.1867522066809575 51.863862662416686 -2.261016860792932 65.43979564414674 -2.637756852591631 23.224424767327086 -3.360333846941486 85.76160491685388 -2.2719020573378192 106.00452628246978 -1.8699124431093639 104.15068061259349 -3.1721771424637937 61.85974181394308 -2.0641877395116905 
111.51800560489961 -2.9166108261731263 52.41917330112083 -2.6400801172333246 65.77722690159392 -3.040533320560476 23.330443948467423 -2.922019671854729 85.63309567474643 -2.5321317321563246 106.3612510709571 -2.4246822533940033 105.07639460212383 -2.737333602039479 62.192808810657034 -1.9010499979417743 
112.13421153696535 -3.203497107653295 52.81112221285503 -1.2830540696328763 65.5155226421875 -3.664592688790224 23.809712156931216 -3.4717923546310057 86.38608295909305 -2.5187768921119082 105.54824998279325 -2.4924920250657356 105.5512914491131 -3.684141755628838 62.455717326825166 -1.8667808786210962 
112.58399075973301 -3.0546122184975624 52.826669059439176 -2.6484643732333017 66.53415187313482 -3.38483957251111 23.67491033864134 -2.995532946589058 85.97121035389891 -2.732648471387029 105.9413036255291 -2.6040278972608557 105.61488102968423 -3.174439292000972 62.9233850577514 -2.3329686171914634 
112.56899331771753 -3.153040014373956 52.81925665559186 -2.1794468705755032 65.67039303013209 -3.3827655435672206 23.632660075507562 -3.406955793026926 86.24324447107631 -2.006613705401972 106.13236342275343 -2.559344172911759 105.16151838937132 -3.5728106630085197 62.933998020336304 -2.3775427461666947 
113.3017303231951 -3.437362113522294 53.7137812395996 -2.34254540194968 66.66133073101305 -3.2004136779951327 24.56599442272236 -2.842631708342958 86.44322343184331 -2.2023998236499107 107.16438785279013 -1.961303537282455 106.25463882830108 -2.3517555935457817 63.12366296330799 -2.130058367082072 
113.16734000597926 -2.956168615824582 53.49920181925852 -2.0659128008705134 66.75888943522587 -3.0629732557375164 25.072144608697602 -3.2880759603807848 87.32672338561515 -1.726081078948194 106.51781308606513 -1.9613014097136128 106.48346434794502 -3.115524346733247 63.131998706093135 -1.8236125581580451 
114.07248465792287 -2.104374987777377 53.332647316991675 -1.6084688773084617 68.32215413390418 -2.557982626475784 25.904606106666375 -2.7047759707430896 87.27443912648786 -1.0831792461829954 107.61556735467785 -1.3799525406701547 107.03135635371085 -2.202350743728209 63.37363847370729 -1.9292527590419464 
114.52777591987736 -2.172721439077565 53.95068585194783 -2.0338330977773835 68.43751648295837 -2.165124019988051 25.567372665178056 -2.983206636131667 86.88011570792547 -1.649202736588192 107.44628923411692 -1.4458852673702238 107.69570983101855 -2.54909935771222 64.23707155178752 -1.601887548903096 
114.63404226246183 -3.094286065166671 53.87342632131449 -1.4330060856759825 69.12954455338601 -2.6812696628524946 26.63990003493692 -2.437267408068647 87.27031651926467 -1.7346027176477194 106.98963765846044 -1.2427635421225336 107.68685128858401 -2.2812840135594104 64.56009384724324 -1.663297626124434 
116.24580147677577 -3.5395776682924143 54.49629260685247 -2.8019043073068772 69.25981743308557 -2.9467218841640466 26.7442613000949 -3.063094012229092 87.88317913041077 -2.299820141640746 107.9995447443328 -2.4877708934866667 108.1166348243964 -3.264199060445839 63.8353274037383 -2.069827473338458 
116.31407609841172 -2.876205229710937 54.160514390548656 -2.5864965704849414 70.31075436442056 -2.7504346617271946 27.887168410427915 -2.5773129138594744 88.33782660311469 -2.1999988928917382 108.34815771209965 -3.1008166266515325 109.18732762468294 -3.1968779055292837 64.0028227037775 -2.195421255885672 
116.32099586652738 -2.743873685377387 54.77137976157765 -1.9675783570198528 70.28798094767313 -3.0311961178586073 28.120270477357327 -3.4214633560940317 87.97622359803889 -2.5586722555097547 108.80498300296941 -2.1201012220671216 108.92348816603626 -2.7065875668538557 64.38271915336502 -2.4020170619522143 
117.35559179245755 -2.6949668799545936 55.04079628037521 -2.484348195125418 71.426625843839 -2.7746038905490105 28.862217982741143 -3.11009500890364 88.65283689880711 -2.3711154061257522 108.86062097367255 -2.4075555035983234 109.79911064603657 -2.4563491155412054 64.9703874995665 -1.9901372091946294 
117.50785886538992 -2.940336847173376 54.65081189761934 -2.413189500891304 70.66118719932332 -2.6019463047961384 28.974635637996276 -2.781729397375729 88.7318705249905 -2.5629696113092333 109.13869485330176 -1.6387420797945809 109.78897676465111 -2.7158644074420355 65.21879310892143 -1.8574263172969627 
117.61519795920208 -2.761412991542429 54.81954930308888 -1.6345121050245508 71.00751987644946 -3.039390948726652 28.652745432926167 -2.645442254126968 88.85137725739432 -1.668030809424593 109.03711458644939 -2.052999578429566 109.99093229971525 -2.1468120017217163 64.93796097157677 -1.7160766556223852 
118.27348691367203 -1.956610982154236 55.98643903942758 -2.0292713641605777 72.07153590375268 -2.8760163483846086 29.77301001837269 -2.940207456215769 89.01309237150306 -2.2243415924314434 109.23180973252988 -2.3232151281670768 110.45881384239432 -2.5549909049211816 65.0856307172197 -2.1694165939230423 
118.9641781172575 -2.484687271341864 55.81012213330239 -1.4270667646670288 73.31716130227784 -2.4921090479654744 30.620919758426393 -2.503433939078487 89.62618732593295 -1.3560838896313705 109.23801799531932 -1.4622955523339765 111.15670896831757 -2.203015260620943 65.49665948850657 -1.607254484446526 
118.88221481683138 -2.2034721006336695 55.693724487303484 -1.3868545393198426 73.36482828413546 -1.979442113815269 30.789105074942412 -2.846046577711422 89.14263960414354 -1.2502192893673671 109.13552528188302 -1.5414414599446717 111.52284179210244 -1.6843068344692012 65.51195209825418 -1.4129090061023084 
119.11887573174651 -2.1698958589762927 55.5363264526849 -1.4353550582697454 72.94259163924112 -1.8361236063758004 30.965186018229492 -1.9460019510138382 89.33506301532887 -1.4898334646553029 109.056369906975 -1.5309123979339474 111.63727272028275 -1.8950582192613472 65.4429317545866 -1.3536759360291732 
119.93642023963586 -1.8170794949795936 55.88327688521949 -0.6524746845624189 73.446180315025 -1.7544077246735572 31.268396834453164 -1.6904046530785377 89.17482942985286 -0.8526262734987319 109.28405086713508 -1.2453748969718752 111.89914115727979 -0.9423156273807508 64.72011049978154 -0.5269562560757566 
120.0776579391378 -1.9006751512615923 54.911692386072524 -0.2220376079725468 73.79288248734385 -1.346990765509847 31.425017987932485 -1.6067902888802454 88.48901668153607 -0.7568615525281474 108.65022327901868 -1.4912754017345367 111.38544660563593 -1.3756675111183603 64.83970363990298 -0.5937671298043767 
119.91689103776014 -1.1424873148040373 53.67950670236396 -0.7428495924443412 73.59461032089604 -1.1307984717020707 31.345751372631558 -1.269309467882762 87.49916993612463 -0.5298775841595545 108.11033021735763 -0.28324887578242514 110.56050346482438 -1.1823191661828545 64.14467375918166 -0.7993936662323216 
119.32911439685054 -1.2520742929518407 53.46093100688027 -0.2394579645561611 72.8974632021613 -1.4088813115923955 30.97642843406039 -1.5854036915875356 86.61776848286993 -0.39565780988563126 107.17774340789234 -1.2868665014731802 110.41507573274104 -0.939748621715638 63.13306982641199 -0.720000397517377 
119.10250843061624 -1.3255870524992792 52.99977937115149 -0.33607544426753794 73.28316432655876 -1.3735373176617063 30.873044809165865 -1.50837513501615 86.36748206047383 -0.5454111007954872 106.8260620239969 -0.6433260188290818 110.59677402308371 -2.00774246716061 62.956025792612756 0.5189302443362079 
118.68741758679207 -0.7820193222327947 52.60028476946098 -0.22053869693105452 72.99435512342579 -1.7359520796628851 30.835635528165277 -1.421940244741291 86.03270841572855 -0.32928127489993986 106.33694571941061 -0.7742399505441007 109.62168222371791 -0.7101629552129903 61.93155142757033 -0.5225786140425002 
119.9394267120868 -0.6746538933766503 52.865623992737625 -0.6768143375091504 73.15644626862475 -1.2551642588065401 31.549654735790217 -1.5897163157769727 85.38067210523828 -0.578681437740334 106.13696200735828 -0.6112111518623021 109.836031483883 -0.5350548567442543 61.95605195748659 -0.6890277621571256 
118.8925455638944 -1.8608964678383404 52.71846837589797 -0.8196517689192475 72.72631677079679 -1.562546826604815 31.265998149427357 -1.6608693285078078 85.68742560485002 -0.6621613427718286 106.6488115670054 -1.1284810432759502 109.72667270454144 -0.5147413044411119 62.014234268063724 -0.4731525847572513 
119.099790010852 -1.4653143855334667 51.669626571614316 -0.6295425999558019 73.18250849018804 -1.937640892251891 30.639165870785266 -1.7798693744511913 85.09439164676844 -0.5278122357933931 106.13318996044005 -0.2904969102467452 109.4300737149448 -0.9464232868696942 61.17081074854627 -0.3628031950132235 
118.16616663494054 -1.5301354489474748 51.183588851689336 -0.6565885335118327 72.88723550772924 -1.9519327817997614 30.981990050886658 -1.7992118295782769 84.65412147133968 -0.4978529015718019 105.70179856293475 -1.057283844612939 108.93261938310775 -1.4553308340700601 61.2710346204121 -0.08077195681897409 
118.84400811279957 -0.7880894700181145 50.63091426597266 -0.6376656523576085 72.88299260406059 -1.115224189287117 31.421476260101905 -0.7443085931887891 84.22387314801014 -0.046141180971945084 104.93706760909643 -0.6736164054291142 108.35045930487058 -1.073660106041297 60.742998428229605 -0.23263276878722627 
118.07127640796469 -0.8742289993523618 49.90511855561 0.5281553463211344 72.4170073371029 -0.6514216151814036 30.899453740777087 -0.4282319118310975 83.61593299685546 0.7809912429207566 103.70988447112265 0.2569141209097752 107.6144340672221 -0.6797716360021445 59.67072913497191 0.739239430670659 
116.59139232185413 -0.1035083004292783 49.491119488163385 0.6532182237861376 71.71749372819234 -0.1826982633648457 29.90950587990507 -0.45155762027210145 83.18631093313395 0.6423260755280796 103.42803412930861 0.9135498244621919 107.31345418609655 0.25601378359718524 59.09508436069209 0.7549601666648919 
115.83970683976486 -0.21036666833576145 48.18360327636572 0.828654392363824 70.98880821364227 0.16143637071197606 28.45947417273463 -0.009822499730960804 81.64690833649242 0.7758658980500323 102.59610050080606 1.2005469479045066 105.8639407392136 0.29576591789260603 58.428034406005715 0.8176942666859387 
115.47211559116819 0.9774439141391187 48.65587812719588 1.0040255025524212 70.6634119948746 0.0982696942437693 28.25776257274983 -0.09578757736835963 82.19478817711067 1.2681773040895046 102.29598391335713 0.9923973236851985 105.35130286682471 0.9910526700704856 58.65215593504172 1.3563838960211054 
114.52221071563821 -0.008677069618733432 48.301774437889904 1.3441043027339403 69.51965830995424 -0.5170943966274792 27.632599596677558 -0.1913651363489283 81.35054813488328 1.3747331954841213 101.87516293945718 1.1780877507097052 104.51080384843533 0.7534105740873671 57.669313094390866 0.7481693686005105 
114.62168382335055 0.6623634188086289 48.26173085945469 1.3068574575549206 69.07786968570807 -0.5143598534422269 26.649958182864598 0.19519472280693878 80.84383733761963 0.44379773585235127 101.47886077602179 0.8787367192763975 104.5800015768524 0.6294016589391103 57.4979216377263 1.1659537731788923 
112.8698689115331 0.039566236193203194 47.4257787615086 0.8760132525467698 68.46587737228522 -0.3648131901585786 26.225984500347316 -0.9767132753321334 80.88253864099117 0.6858400764312564 100.78862424564267 1.2992812478488276 103.79795210893317 0.5316769035945275 57.27976333843916 0.8475780119874153 
113.56402045721266 -0.030399276970930894 46.72476488635891 0.5673013336687805 66.99099419157324 -0.3590909744344394 25.286153024065097 -0.5576420922484341 79.97338642200022 0.783982321984811 100.19285102177147 0.6939602878980569 102.86964989567532 0.32624413664780744 56.69350484440381 0.5196293073908868 
112.56261047694439 0.12028892972965083 46.19538390908012 1.1721198783307991 67.09648449779247 -0.39002863474747007 25.357722404697594 -0.07337634202767762 80.22320642585997 0.41853331864569027 100.09708247674094 0.019983450752931953 102.96014241408993 0.2053411556424054 56.167906257905166 0.9330860725758274 
112.93863950266086 -0.8650462808383304 47.28977478601614 0.3922536696178007 67.12690262463009 -0.25950448530283204 25.682244844678454 -1.17208101228966 80.26920235137005 0.6660282276842793 100.99457376330838 0.22104346319489318 102.96864650083849 -0.20423727044775353 56.73713463646185 0.11462293806947099 
112.4271637098841 -0.9343634388932156 46.28733666057877 0.021127141594721066 67.11995057038256 -0.47197062281127056 25.177034223641108 -1.2900507158911572 79.45790624925414 0.5244346646441549 100.46875742315663 0.6918483267874285 102.20398605748152 -0.16834712237791338 55.82557673347485 0.29453647811288136 
112.70306338028203 -0.5936082167933755 46.747707207728524 0.6080406812281245 66.88120823584926 -0.36256635152909417 25.357424601321135 -0.8471148573389702 80.87282723640062 -0.3562859462330227 100.21046202712613 0.27399736517948325 102.70090833447051 -0.11424369947350202 56.64627479760804 0.20399343347300605 
111.8028105067553 -0.4425983002021635 45.11813844257364 0.3779883437221724 66.37245044688518 -1.2141831207268 24.905148316105453 -0.743177277781721 78.86290866671786 0.7667240997022786 99.47654752712633 0.7474530514049429 102.47816757753326 -0.6084256769183309 54.89891206172259 0.398696895232131 
112.0343344602476 -0.36037526439011314 45.48043415750544 0.1901778175541961 66.60977471038332 -0.5409352358903285 25.019776530882275 -1.4449612465095254 78.73376982301686 -0.08129325405245552 99.91410902184846 -0.24188447194194124 101.87380791432965 -0.13056041064127843 55.181397705833824 -0.08714870587553342 
111.50105165684252 -1.5189492956713426 45.22896468581665 -0.41875283390143603 66.33929929214523 -1.6415367770583367 23.96836914039796 -1.8832518339592705 78.62077258384568 -0.4310010271070184 98.33138635790188 -0.4147043245312761 101.64987967956431 -0.6993498441823709 55.43134412499767 -0.23032156731044467 
111.33346416303874 -0.8400706012941325 45.17313166904165 -0.19963896034831163 66.64281129754033 -1.5348251571943672 24.522032772218953 -1.5384202218140495 78.78272922408205 0.015645686783897383 99.64251288098832 -0.20706822171876443 101.91770567509262 -0.9446007464403755 55.23784169759475 0.17316299528978407 
111.99184276248114 -1.1630783081915772 45.07814047291877 -0.18866539918735076 65.83987949363458 -0.961700533336915 24.41228294591986 -1.87071256142823 78.07107763922428 -0.05797773120870864 98.94819660223777 -0.513665255722382 101.78022369190155 -1.0525526635969318 54.56108040744373 -0.1301996468568991 
111.96024280482304 -1.013904415262793 44.591867168573195 -0.8106176958265203 66.4973781482316 -1.1662699896285886 24.535047926984134 -1.3395715069592131 78.8276258800881 -0.07972278385074394 98.71833702754812 -0.31541747312992663 100.92282262579616 -1.1893158853335124 54.52817979239558 -0.060044129456022555 
111.32723952115634 -1.5595519169606211 44.45197451005404 -0.41395513441765475 66.74913573908896 -1.3277215128685989 24.562976096884814 -1.6453517952134105 78.15678085462196 -0.33356951736943463 98.09830834338408 -0.2933780761253332 101.15383647130854 -0.8568009158490997 54.27071820918671 -0.3761824068683284 
111.55715936766877 -1.2617359866442517 43.721155415873746 -0.15979400822367368 66.71394449207826 -0.5556563151030437 25.030123957026536 -1.5256323021611924 77.91532157651392 -0.24799015759226425 98.4282842057555 -0.5092917973424614 100.9523623571185 -1.2696972079687527 54.58470085955125 -0.17599462801475724 
111.28232592402085 -0.8584418718226747 44.70078707572822 -0.4553793039535606 66.6595064925233 -1.4160547719880825 24.77584515818766 -1.6559654306568807 77.41603802478403 -0.8192851710926338 97.60724634463934 0.5245799448749784 101.32626772016789 -1.0569724114874135 54.28168038335277 -0.4571748986710612 
110.94593005221633 -1.3740765482224542 43.85514962680559 -0.6363412643827782 65.68672192179416 -1.80467629898903 24.597204981176667 -1.8174419681394274 77.65902732280706 -0.49731018273527383 97.15614594191864 -0.6983577786981736 100.1433412762431 -0.2858064805867421 53.19077333640255 -0.3829084095429407 
110.89096165905318 -1.1535775862420456 43.59351790084128 -0.6464479379724467 66.18226692669286 -1.0974214522570822 25.228714599982098 -1.0052372098079119 76.74547299997327 -0.7221673736406085 97.31229959972562 -1.1109063802247685 100.85465755259096 -1.2053225806582781 53.42818183371039 -0.06287082834525703 
111.03678299039666 -0.9039995439031286 43.81504563640628 -0.4000334449316269 65.77604965028029 -0.711801476611679 24.868027183440216 -2.1300686498070682 77.97233894235163 -0.41539223950384896 98.24028258840042 -0.35709653663370583 101.03276612480542 -0.1316255006791872 53.63645979348451 -0.4464354625172515 
111.3878628694638 -2.1843961257267734 43.1430998093869 -1.306232910103029 66.77480628543245 -1.7015644602220465 25.329435960968336 -1.5542373546091222 76.98986420038952 -0.8246771260439192 96.98375339102618 -1.0249327226532208 100.40310230152667 -1.3799373747618622 53.273010946815226 -1.0925891460913202 
111.28467142018074 -1.0024949915935264 42.33416023636688 0.16890230507618015 66.40911822939718 -1.2757185018530646 25.762128593692584 -1.4605666039773786 76.01257804292648 -0.3371003777267106 96.53297937951217 0.09229853750089817 100.43895426940018 -1.1379197528416825 52.15128731355592 -0.40561742178343324 
111.18000992370357 -1.3057704293334957 42.88085419705242 -0.1796177200971586 66.10852357728798 -1.4339313036267856 25.606816296438133 -1.0740069867473296 76.91421421314118 -0.5378569044842467 96.8452055198558 -0.21385369055690345 100.7163366052706 -0.6435744571709414 52.696999890366506 0.0758906421407759 
110.98311433954247 -1.6090764752087616 42.95395877131234 -0.7671220946776213 66.61699125231213 -0.8607173500859076 26.278084684912614 -1.240815347862438 76.02411906367273 0.4510821430325001 96.61479806074593 -0.7868462366251403 100.4948811311927 -0.8059001908520149 52.283055612105564 -0.439919975673519 
112.05158555038514 1.6569719880056577 42.68493458582563 2.867227469722171 67.01077667911538 1.2299079865950753 26.28205505479281 1.803581170227584 76.54690094914012 2.7965910838966273 96.38665726893818 2.563978673955911 100.2198257654985 2.2799688302088392 52.450354932338044 2.725289028181292 
111.24476654481069 1.2622782109452377 42.59155669113941 3.2343197288045333 66.16418390110675 1.7619503344095893 26.12026127855529 1.504478452982498 76.31892838019527 2.626298194661635 96.527789603994 1.8258856803754888 100.27494007838465 2.0598268148774697 52.18280231896454 2.865644434146519 
111.17321605954356 2.238446306079006 42.29839874663098 2.7384368851646848 66.69835259712417 1.7383021085429489 25.89397651651647 1.6833496372649142 75.59335368151774 3.1515824833460053 96.58647709750947 2.7629348455673526 99.9892801790417 2.0773292759774504 52.18243964786995 2.7942028414246587 
111.2074562059703 2.333444799252833 42.46031028294799 3.2546942971706763 66.50752230476512 1.8918232987109167 26.48448533158215 1.435477344469392 75.70418965897791 3.5122121083368016 96.21181432002967 2.8134821614630217 100.17850399391935 2.7852528400747634 51.56900431104061 2.964153930942788 
110.98311668424545 2.418327238312781 42.29379725221048 3.5108103419199397 66.92572089191869 1.979069805544144 25.974012211965007 1.7771117780695829 75.70325565038625 2.815027775063587 96.21055996348584 2.4930106180095692 99.69061422322075 2.6019412654839313 52.09358432179028 3.0711581923008624 
111.25145563318026 1.6773719784538343 42.212416894391986 2.3377319659896627 65.9755251723737 1.9415323245085907 25.568020774219264 1.6555569330824473 75.30396599507552 2.7654414085139964 95.68355913971818 2.933500430135985 99.67730507899009 2.455455765335232 52.42381280270834 3.1243980895177175 
110.9553745634203 1.59757503747526 41.88662980340226 3.5731298511418608 66.63223264913503 1.7782912484506204 26.135052283246903 1.5447645165847956 75.34893511149563 2.858963526573972 96.16309165500863 2.7121599539198677 99.58737471914749 2.9854451167639393 52.33675180693697 2.986672660492047 
111.20692697929896 2.011458691092466 42.08991720069862 2.9948877623677475 66.38093598322257 1.9743334900737024 25.92764675439558 1.492076064684638 75.41458169595005 2.9937844213102878 95.49226513905306 2.922664796096625 99.90683783683455 2.656518867987361 51.69294686558491 3.00194487570736 
110.87839245090989 2.473388075067576 40.94534460381017 2.943916108095095 66.38398736100856 2.0726980633401477 26.232840891131204 1.822548122585531 74.33631412298895 2.8482538308168763 95.10247374822418 3.0873909016537895 99.34420366512218 1.735046641990123 50.59071374573967 3.185090507990728 
