80.46205405518357 1.3003937669546524 82.87956251358459 1.839182596931996 33.6545728864159 -3.0757129776017162 23.768921978292962 0.4969278251212208 29.822491249903 -0.22214879610004556 
80.99220304788525 1.0256912879846385 82.65112094023299 0.4581832623285855 37.07282647752548 -3.0743578618744936 24.346169081055752 -0.23047175652770685 29.785192556719657 0.5262758705753544 
80.77148413635025 4.599285773065347 83.18014093996494 4.199293835944655 36.604152068686304 -0.8891567377586536 23.173557613656854 1.5319423775294243 30.847182533376966 3.7673197508429705 
82.75226259565608 3.7118574235191435 83.02370199511827 3.6791358629533684 35.84171947625988 -1.9280364949556656 22.8750623217676 1.6949778119057946 31.317153764416055 3.9930452162596186 
81.47328163900336 2.5499530400619586 83.7371375609345 3.649425155817361 33.331089674547556 -1.0263743447463871 22.730277988282296 1.9138423529101496 31.171399275983656 3.6943435436017107 
83.1464462300291 2.5680733282318773 84.35163162249042 3.038668087252586 34.478321007 -0.801155600631245 25.377095573915103 2.2985277588309962 32.26825871220103 2.49305269356744 
83.73339279475309 3.0112832875851105 85.10522885102664 2.9907694466846433 35.131243122211394 -1.9701096940980118 25.855305954670747 1.350717144495508 31.67459473480234 2.834334031795599 
83.5606846712003 2.7172036616092776 83.65788519212268 3.3103831039636304 34.481396692282324 -1.0523322542425606 25.845008751411967 2.462139067115321 31.118300894634853 2.805782122483352 
83.97558118775456 4.056143370239685 84.66006679638555 4.03497418900893 33.28670727706518 0.25813309950362867 25.838153602769406 2.703087477025894 33.511094894042664 3.357114169468333 
84.81154325370272 5.178963479391278 86.0737518744254 5.529195783884942 32.63061045809109 0.5528693318429063 24.4136972711861 4.580903225750525 32.854627546655564 4.734526424618108 
84.03347756268087 4.278503992216818 84.60596294290235 5.708378497637673 32.62769044432977 0.004953989847977985 25.21918722842447 4.151033797754755 31.763287580446068 3.0505949420992904 
83.56640169009239 4.536302077057128 85.63999704930181 5.423897516587031 33.22896682478687 -0.5728847263986456 26.103565636064378 3.3733412272159087 33.71821444292685 4.114892983218154 
84.62402067113266 4.531521002903862 84.8036327458671 5.476831737321389 32.02459568545085 0.2737207571991272 27.349797049579863 4.213300977373206 33.948813907349994 3.824516265724315 
83.27865514004218 4.167664239857489 84.26977563599536 5.247202644238402 32.58940533678001 -0.2188000035800004 27.196005109267997 3.178087427037877 33.05464502032056 3.9651790845932258 
83.53004819005643 3.7401130808811853 85.24664455497643 5.337243801731319 31.643490993160594 0.016514808297377614 26.956136874970117 3.733602909895199 33.14321332204827 4.4311355013603935 
83.80657679276898 5.696539277165318 84.14996137342517 5.6801865967471175 31.968802976312208 0.8276001507659727 27.390352216627463 4.347012510841622 33.92392950032217 4.406475859176352 
83.59752005462077 -0.994867131292168 83.04251059398106 -0.3182315292579021 32.72121311237558 -5.0049421254623185 26.449110559319614 -1.5590063653181188 33.04579396089792 -0.13866847743083732 
82.65101433532752 5.524955958860807 82.27968319070432 5.600210556474757 31.630778188472874 1.2691432803389386 27.898031826732275 4.998072175112522 33.361278239368005 4.396300875237512 
81.19219968360177 -1.0365392452515625 81.23197534607837 0.8730216659613623 30.39516522142653 -4.317696011198258 28.809866336030147 -0.8967261237339955 31.90978183093062 -1.0922875671374204 
82.0924660663292 -1.00179702004795 81.5083214637533 -0.39449659190904557 29.836914094250037 -4.966049001545079 27.941447832854667 -2.7876767599728836 31.80403383901596 -1.8154954593974706 
80.49697642554209 4.158379868299088 80.51851648454696 4.265543440792934 29.944685309565173 -0.17202774931472326 28.0694942417697 2.7902271886788697 31.25835942153131 2.7952464586181947 
81.91194430025807 4.396575718453073 81.11212548549706 3.677891400072121 29.61986745215083 -0.4547841946146548 27.833656650379975 2.1942903543401164 31.373006252626396 2.621855214181935 
82.4757320125963 5.798439039902878 81.85908248452125 5.717939770013924 29.545692437030752 1.8436606855447237 27.66160875867939 4.81472068171106 32.7619954162629 4.70343289580102 
81.1167186480037 5.73086963257018 80.3026205067733 6.00061386522871 29.91677839522269 1.403722126697551 27.911696159869955 4.130329109580063 31.734946468688204 4.839065833362359 
82.62475720693132 -0.2520233363021436 82.13748223337289 -0.9730161779762306 30.576579261133983 -4.809738142290637 28.818041043798257 -1.5652155089545394 32.82499041904767 -0.27568296939787373 
82.07671379757089 6.274018089534599 82.19514049382792 6.212357263432629 30.358952745351186 0.28388334082047906 28.091250581564417 4.367811287712898 33.38808348334145 5.359953009445668 
80.85330482165658 5.993318017371794 80.07135189685339 5.106022201821786 30.234726799518167 1.5646513579972618 29.627235586448492 4.393914626721226 31.051977694895452 4.673575285023167 
79.68047724009715 5.893408835697703 80.66438625168315 6.378889775891313 30.362343310405077 0.8090527352133342 29.433911855381098 5.240687196460622 32.39409570081301 5.460099876754987 
81.22218669365215 5.3885568373132635 80.8481311675023 5.759228405311587 30.630983822645618 2.1283869118301 30.144426248341105 4.424891279683644 32.425288009893706 4.927793906079384 
80.64843241143639 0.5938322787009416 80.31111044020072 -0.3057041299078497 30.296594150680928 -3.566126375787583 29.33917900327534 -1.3094315934160567 32.06634777929204 -0.5361388264519815 
80.74721266655085 -0.4341863508165861 79.50933765203015 -0.3918260422960126 29.90139749799664 -3.4509810227455775 28.70662063838185 -1.7703134499466784 31.390867155635902 -0.17952231124893958 
78.11839996943802 0.3358891296503137 78.643850639476 0.08982597213603466 30.05587477037596 -4.476348480297109 28.985017016849444 -2.0615372430373506 30.664594413582652 -0.9414632542459173 
78.291957210526 0.5305232210488277 77.7874637549258 1.222105785297014 30.93154284477771 -3.28035058566305 29.070777222237727 -0.1494931561802602 29.933165648999505 0.5987212294336345 
77.12606934565017 0.2738602724440134 77.79573755310207 0.7047543974759087 30.665147177640083 -3.1520536341896994 28.259267389277777 -0.8714720742113753 29.042189107185756 0.3348414092558375 
77.6343731545808 -0.05088465932964628 76.88815221421788 0.9610145265884047 31.514878174592482 -3.3246951977225665 28.018439367105792 -1.403368581491985 27.475902768843216 0.2011423416499205 
77.33753351636027 -0.3457346185344252 76.34893877828614 1.3108599148002908 31.386857541375566 -3.723676867572075 27.04379294684737 -1.0082156251281937 28.7579528924099 -0.954870343845782 
75.93645187266787 0.6898154392662202 74.91914538638856 1.3549017963039676 33.61275402506549 -3.2334617287261604 24.59588775133507 -0.8844041723870674 27.401976084411462 -0.8459228174149231 
75.71040906696084 0.06761830023528083 75.77838432019776 -0.3809671152631424 32.87220347873495 -4.480466010939018 27.17118475033331 -1.2265297985700445 27.55954235901098 -0.6641716486346109 
74.61439131899171 0.7041796718386437 75.14903192082808 1.480527589494453 33.949937925014055 -2.6080705245770575 26.57279912344365 -0.6386609498990286 26.17547084297979 0.01691667138009012 
74.28179440100818 0.6637538476474871 76.20273946711757 0.5412905174727045 35.50900250580531 -3.049361015112781 26.307767930878512 -0.33270795630555816 26.30305692836378 0.0752398439604113 
74.2471768745209 2.3385514434816557 73.63315953117412 2.1035813260868212 34.772333193747755 -1.8727670761218649 24.81878137730726 0.7650370971093624 24.591345930822094 0.8915411962750266 
75.07868434666203 1.8592059026598617 74.60770042127062 2.235340595131612 35.22899628758819 -1.9313422168843473 25.648998993292075 0.7011498862856858 25.054181884120258 0.8801696646931925 
75.12489833710524 2.6127712467897486 77.05158984632129 1.4353794141837541 36.62870672628323 -0.898572324469429 25.49017683753124 1.2446975403941747 26.59922037774355 2.18329135434336 
75.54469644523435 1.7461169313803142 76.21053054100148 3.0327282934488276 36.4876989271642 -0.5081672591735251 24.152482858249066 1.6849370087682183 25.623440589138408 2.6372998010802626 
75.59473587726244 2.522308540175562 76.14105733865748 3.1062476756030604 35.63645163029689 -0.4995043983541987 25.53992697210099 0.7677599308980354 26.817849509466303 2.133001754761394 
74.69377745207552 1.2936416364827423 76.79480342922517 4.4651249981748204 35.039625983821296 -1.5892153271888823 24.297786845798736 1.1996689487378827 26.634610789089486 2.1971510691881524 
76.99403093339599 2.296425686655136 77.36500626808974 3.513173702255218 35.236331061777854 -1.1211770108600851 24.301692763611893 2.3748218711239257 26.86472885725503 3.0054552062978876 
76.54687348808476 3.250479313324047 76.849546492824 3.24478915698178 34.1983304941455 -1.2865743351868124 24.546530261513716 1.1331531913671407 26.865167893476332 2.8912801255578433 
76.19510932965683 1.9265893076565745 77.40407423773253 3.3719251572890006 34.10826771189926 -2.693172971542338 23.867895717262684 1.3374253602375952 26.436964221986923 1.579262299253858 
76.98524107015005 2.1925826398193142 76.53621030058112 1.6443527650271297 36.91889280490285 -0.9035981656571247 25.252988338766745 0.8909488246813451 25.810844118843555 1.4726717152770539 
77.40539078822624 1.587740845911715 77.79337813145737 2.1824017967877163 34.90091120866097 -1.4527547034750858 25.36335471802468 0.2016316248791159 26.922080208670938 1.2128665355895496 
77.77406935441958 1.250376066041624 78.71763138307786 2.358135694969048 35.74661500537088 -3.5022621496259596 23.51223011719598 1.9931494718803542 28.023354849165646 2.2477632358962056 
77.17466230278713 1.2759963644454297 78.66306166579929 1.91339961455013 34.72524367477968 -3.195420222453275 22.57350810314235 0.49907746634605815 26.044736883521065 1.0583947582157482 
77.03735485530095 1.9824099428750843 79.60306384306813 2.4614673436272003 37.059731151059225 -3.3176162537763307 24.780425864897758 0.12452813406430333 26.409219969136352 1.0942699095164654 
77.23757195475503 1.4559569427207215 78.10274753123305 2.01727828190684 33.871178336211216 -2.4238845231939234 25.51612457219924 -0.6763469300363509 27.644187811709227 2.0182605269786356 
78.90410028935221 0.8736203468754592 76.97645836207674 1.470367425308528 35.456970943027 -3.0079360145267455 25.827494043534628 0.9445191398008693 26.28854476300815 1.1638500715081992 
76.39636394476305 1.5518540202275841 78.11513375319582 1.949358356659304 33.87601304713905 -2.8996416321457854 26.009399215144484 0.03658484812606094 26.84710042935398 -0.10009454965140807 
77.39898512112664 2.134983953062855 77.95978743419161 3.029093461940774 33.66098353505615 -1.772297392654886 24.204897899620732 0.25228364156740635 28.14454246776808 1.596618233118992 
77.24684414755757 6.096650581056783 77.57642549199093 4.787784064907178 35.05147275031458 1.820385103219484 25.579383230783822 4.621575219157332 26.867288198005937 4.143270652061003 
76.53010938941196 1.61695095266974 77.0235933466344 1.9192597452129352 35.03731541463241 -4.025303856759347 26.070130857108712 -0.7109437932014787 26.99951495168983 -1.033199251337536 
76.87353078791328 0.6037448903295982 77.9937334125629 1.6362314968256406 35.14088988550482 -4.160942523373283 25.889386357970235 -1.3871725995640047 28.66342152048192 0.7816080008726839 
77.03254659299802 1.2997182418515028 76.33712109226799 1.5942109498757957 33.507044566352825 -3.7549417586446787 27.018599803594903 -0.105823442097846 28.788594330498064 0.13327105090768496 
77.08268854153965 -0.18368760594732397 76.99501624398151 0.8228053440378065 33.36637913446923 -3.821622493876092 27.421534150746222 -0.9467741636407212 29.32554280192216 -0.08910328087656846 
79.58363865929573 0.5996595374651521 77.85928095659223 0.776686858561388 31.910248293203768 -4.706497217086038 27.491736395162437 -0.8518447694151134 30.777779557955718 -0.06855444010565015 
78.70643191284955 1.2197021210743042 79.07032262699559 1.08799407291632 31.95040562449253 -3.7710570893863613 27.041251862939102 -0.8737799451276216 30.68069960775869 -0.34175886409057654 
81.14959098981872 0.35437492675182447 78.53306335921064 0.897480212305064 31.268256927580182 -2.9191944521781057 26.389665250369532 -0.4184074040684516 29.994446767819035 -0.17300860597556078 
79.66250763503079 1.699553663652226 78.28400798156036 1.1512491295620935 31.994450102289715 -3.206168355679451 27.61787648788164 -0.787577950138842 30.62627529478406 0.600908930495927 
79.3507653797019 -0.9012892590355532 79.50600044947153 0.6766488153547355 32.9996391211512 -3.45866017283761 28.201240492007148 -0.259998050353563 30.178448005789114 -0.2836674028288491 
78.65214438086245 -0.14805669641166597 77.75128346069992 1.2683759459706456 32.147255214589194 -3.7364518142923506 27.290265721243422 -1.0081465547176873 29.845688547843658 -0.5480514838157253 
79.4599372595595 4.524493489124739 78.89650862131273 4.138900265827806 32.17945470281053 0.1987986932064444 28.920233138526093 3.978428628188036 31.14353050465095 4.24802629986624 
78.09415972879266 3.7764809059278504 79.19221107812892 5.947308464541057 32.37295689341113 0.5313041709016312 27.62331070094535 4.023406418582027 30.810957979509713 4.161877558489544 
79.52791575184025 4.2893824134306255 80.2434314825833 4.735461257438151 32.45267091097887 0.3760032912743133 26.66118731708823 2.0111754664643056 30.58489105820337 3.591694466788029 
79.59717913568538 4.6987151496683 80.05779515577845 5.3467513451190545 33.40875052086177 0.8731118182093814 26.12711964892189 3.2908851702068334 29.06206232493101 3.7866359306030057 
78.50473227256575 4.406034342735432 78.81883905297138 3.8232417232154425 33.11826640368634 0.23111671341303308 25.532034663407913 2.594836686276729 27.519163138910315 2.695890018781597 
78.72670929784009 4.4216830839521295 80.05764580095241 4.27186924015982 33.08150567087892 -0.2855037553734749 24.412503064138658 2.5245509860264477 29.68364434438305 3.8574555519599594 
78.20328169035614 4.589432277637345 80.00876542453828 4.2372084551097124 33.82255299222696 -1.2510105280358945 26.095491715013534 2.972167452682935 28.16766463238109 4.134830009734616 
77.66751317778854 3.594655624598564 79.75870567990353 3.0904441551009416 34.030670495089716 -0.041887774073731954 25.462831953289793 2.9660835977878137 26.984946926670684 4.098561520113846 
77.88862801129653 2.517637049452517 79.14710736909088 3.1770060471513037 34.461552192686376 -0.3066095981635669 23.573846607587758 2.1163289081547325 28.627991540023146 1.8408675702678896 
78.29217256702796 3.323871208792843 78.64092541758583 2.1123878632422484 34.76787394859858 -0.9460751789968125 25.188172895523987 1.0174202965938863 27.91967006671949 2.0313033323483065 
77.12139049089042 2.2683947363979127 78.6311355305423 2.538838282117351 33.06484729501385 -1.9100307518181445 23.517002560934003 1.3137100608719807 26.565275651296165 2.956015294311291 
76.66000177621463 5.919928754032529 78.21222032167331 5.9850860724918435 32.976477088302204 2.118284222259017 26.616313274771258 3.329597435427284 28.987053100840193 5.540199071355602 
77.17247779890953 5.419143118767095 77.64248308156327 5.177654587767366 32.278722884363894 2.0305351111769703 25.65245090177414 4.973964889827254 28.63274316084442 5.0528006184868115 
78.0635144342594 5.364344563358687 78.08359840882862 5.441173560949292 33.607006713887756 1.6475584768864617 24.962127645528536 4.68773601152144 29.23832887205673 4.988880095466087 
78.40359596754246 -0.25703945524676575 79.54055513312865 0.020330682026514058 34.35265448151562 -4.330154752766446 24.72496163465683 -1.4169031949860704 29.45671533559727 -0.7937923320377036 
79.59336660418006 0.084388490067968 79.6473857356749 0.5680640600552228 32.89421479255454 -5.095400685481881 25.53459449656918 -1.1397301451888167 29.100991777443173 -0.7774880965312593 
78.1310980830126 -1.3550597086918639 78.79121550447279 0.610939359030528 34.1046618781343 -5.282048923102062 26.861386569568772 -1.6503680129418572 28.942067694150598 -1.091599846168969 
78.24625112990181 -0.232138235111736 78.72785835395784 -0.7671816753680808 32.35317928066878 -4.753009094113013 24.170493681606054 -1.0884352537116082 29.028731246566974 -0.671186327481462 
79.52121974260547 -0.2575169998971224 79.94074425784594 -0.6159040433247674 33.38600502408187 -4.439096780122263 25.811515807047563 -2.358038488525852 28.30392786175083 -0.634471767671301 
79.37635865554306 -0.39420278989428464 81.87068251751585 0.4453607606202481 33.229964275627246 -4.611398178645694 26.44900412588612 -1.6324614086255833 28.538286476837225 -2.0195669472332796 
78.9784782582989 -0.11752943930483761 80.16724168340916 -0.9835975885977302 33.3005810410612 -5.075436254768114 25.40790077219236 -1.1240598809906035 29.129186093162797 -0.820265201343558 
79.0035669146795 3.3830058598251713 80.60447304529907 3.8652611032244724 35.80402932515155 0.4279777681848418 24.354659254298863 2.658537296818637 30.185845734064625 3.6134801620711365 
79.48077596280196 3.376432212172814 81.05923819103981 4.229376774307083 32.95198726827329 -0.7464293229281258 25.540675059343968 3.4632435932491195 30.202306442153496 3.6710356396652166 
79.0103704452547 3.8336248015046626 81.52034625112475 4.225484948131019 33.893878213413764 -1.1592199168985782 26.762771399661773 1.6472113785429316 30.887200347360807 3.4604441746530523 
80.23725731675809 3.5878214180314565 80.05525334711422 4.630873329568196 33.54235630027717 -0.4133404989333204 26.383404105174513 2.9542956082587355 28.498017002890784 3.4436798287731785 
78.36731002237956 2.3671942753628192 80.11263406706826 2.200832328294199 34.43475804346019 -1.6328945246438065 23.508288708999437 1.4039403160936155 28.760096776643476 1.6335776774543982 
78.31808126685921 1.999429335402446 79.64217838294003 2.1252879441833867 33.89116310864518 -1.672336022308771 25.183192050797878 0.6763438003262049 28.01654054405272 1.8509702665114616 
78.77174547220972 1.756623817309751 79.42424301360869 2.941704039447658 34.6771231694122 -2.271535527235887 24.179587109266357 1.4050211996513622 29.49330576050859 1.252027947752072 
77.10679149917638 2.289058053438705 79.17747692745971 3.4892963044416545 33.120257342678435 -1.286950059887994 24.509263644185665 0.4902615910016034 28.637533801236625 2.2655454830537334 
76.10454364965126 2.011616082253824 78.48315956176569 2.324539600931822 35.11690475156874 -1.8714718988201333 24.54417908969304 1.942645965948506 28.95660820916467 3.3587109797754646 
77.04599610254945 2.9106939048522893 79.21796931650559 2.9598004602206704 34.43308700884156 -0.6292846704311357 26.728400354507826 1.2840558949880696 27.43906858233241 2.5164087247158147 
77.68830674002245 2.2961732795359246 78.20918062365541 3.3513660177469147 35.287514427917095 -2.397646298951484 25.42451075878238 1.2575792223605375 28.71898476207377 1.741772587303695 
78.49814442177308 2.420662601711433 78.28337427858156 3.033171315599997 34.0787468422596 -1.4626565868582246 25.28818678208229 1.5288014666520753 27.61246220198424 1.7289305286583414 
77.25728092854952 2.1848408627955886 77.86425052815117 3.738863748175364 35.8829818686799 -1.220786586517968 24.255154027877623 1.5759713247049971 26.923007871048018 2.159364706849739 
77.84679896281105 2.665478632064848 78.83005116256962 3.1983287540229925 33.90503891910872 -1.8644101130891209 26.089408769932902 1.0367166766896867 27.880846421333942 1.9338916067607461 
77.26199019590412 3.573282393634422 78.45531827637599 3.275258574985487 33.83627933566058 -1.098597971583798 25.21265833204257 2.206565402004983 27.901190732757225 2.268050045922226 
76.62622944365363 5.125294157019608 76.28623683400389 5.33021194691379 35.79731471648253 0.516268076708104 25.309444757621694 4.34849919726328 26.62387890091908 4.833025746035762 
76.38012658914121 4.9183033742071585 77.93299334235037 4.980177967102364 33.97786467247426 1.5179064582456891 25.194094324276154 3.868121531936284 27.17597279111416 4.925387503837276 
75.45110963491727 4.923858093165668 76.6239024209205 5.680278886102284 35.33561851212156 1.7009702108594886 25.77584398822163 2.9111018483737308 26.908479883710797 3.9161811927736148 
77.29849354537492 3.5400481405642377 76.135087985493 5.7503459755183375 35.86485288018541 0.5316199439156692 24.33745815795838 3.8479164094059146 26.37187706877944 5.179731821186898 
75.99971546647033 4.949312763524502 76.59375939969888 4.589202618864903 33.76505831885917 0.9667870479036105 24.007550611539397 3.63175572764573 25.74530822804994 3.8440984429076424 
77.25921703723787 4.562373192903195 78.88989152847492 4.928217576512241 35.80982357584311 0.31738267849101454 21.21192435578512 3.524692128028219 27.231822549351595 5.04111933968158 
76.34291214826035 5.208435260927201 78.03061737068583 5.2569312008357585 34.86224645740973 0.7375298080165759 23.29391447043388 2.9625241417098858 27.164884378972378 4.766666496860525 
77.45623657759445 4.791589233038161 77.19674496388569 5.283102261251129 36.36773697729159 -0.09629310768353805 24.51414770173985 3.8217006618319704 24.9654211070568 4.892436707843584 
76.0542886264672 5.404585587594177 79.38885537080728 5.290839272228555 36.56912856031914 0.6997373531693559 23.027135707275118 3.39251691012107 26.016481468284965 4.222243515662152 
76.4701154405707 4.7603827437161295 80.34311925062377 5.905592589730607 38.57891506120338 1.5341951366617765 22.997689384682396 3.6316402331063964 26.509279777704993 5.535959014620694 
78.27057090937915 5.650707346449634 79.6901124564875 6.019519768612908 37.20431295155112 0.08784418465026922 22.036364511113383 3.9233610005464854 26.01012000128434 5.284965940776937 
79.34442626692245 5.988694451651773 79.51968141021996 5.806895777182649 37.106376347000385 0.6893975548374953 21.417063713532023 3.451741734934699 27.097526270532843 4.459474661322459 
78.43188325371138 5.759058912688238 80.06398111865194 6.269103838914259 37.50819369303453 1.3860114557776049 21.321804297696886 4.293691417982427 26.560559130281764 5.421835843878962 
77.97750746353562 5.829984413059916 80.3712986465885 5.881437888347981 37.095246264660545 1.8527583255829363 20.989317716011932 4.624055779621176 26.275009956490425 5.387995966128552 
78.16589306455496 0.7477022330131373 81.60975989080438 0.6549027078083298 37.72468319011715 -3.487060364218649 21.420788075433748 -0.936056978401794 28.302546744656727 -0.39828703325284437 
78.09079003734881 0.20818485735484604 79.91709453040802 0.9215045240335025 37.58519400678423 -4.98815783998576 19.88366419629701 -0.5178107164181678 27.403217288094893 0.34658460518255685 
79.46072392546299 0.9791277347411399 81.66278774266532 -0.23724261424327076 36.13013190323161 -3.928347679967064 21.649177815988782 -1.647761417524824 28.638545147684265 -0.8892539650689668 
78.66386073547505 -0.22254101028914333 81.64205627360772 0.5210476860197142 36.332075431160845 -3.757156793803485 20.926866451916872 -1.4291790057127725 27.83487235186866 -1.1039510564426083 
79.32387425437577 2.1986063214264 79.5528986018162 2.295276691113105 37.40091791789456 -0.8915063020976293 22.534624013453428 1.6361562736335118 26.33792007645945 2.5190335166124744 
80.11466440120715 3.9358445888559137 81.9020533569553 3.4636944166154455 37.56276171882317 -1.3759236154050196 21.470532580281688 1.9862695084797262 28.327314692074292 2.6034994060187344 
78.38847193074253 3.2723661787616876 80.84149132110103 3.7013945332956593 37.58288886911181 -0.21838721849829246 22.565780077152056 3.2221980900433036 27.901925647061187 3.5162320215860103 
78.05951370978623 3.056401235904391 81.06864528325312 4.459695380827638 37.81891454226157 -0.3237519897153528 22.372258493309257 2.537980593638596 26.3596164372519 2.48974049473295 
78.74469581454379 3.4559436525611185 81.70585057684782 3.5664259189327003 36.95263517118582 -0.803782030161303 22.149756643673655 2.7422633434614303 26.88735501022148 3.2006116030844516 
77.80773714396301 3.311439499440559 80.1289721915197 3.692274581359548 36.898419380787715 -0.8253486670431274 21.306472932042404 2.6933731207617884 27.42345408668733 2.8967558835699254 
78.61633564124229 3.6775614796856972 81.00029305837779 4.695387280729002 37.36312968790305 -0.5612213985180159 23.100609898846226 2.993500730047162 27.917613274703264 3.2960644232197414 
79.25647184906799 3.5114425209195255 80.05780957018213 3.9983760809783897 36.59295878040998 -0.23275781004095086 21.725991450201274 2.8814884094532993 27.74907969571022 3.81549839071285 
80.28534425885763 3.354508246274971 79.62164601253303 4.165349086449146 37.88735660997819 -0.5008718701930035 21.652260679326627 2.4807052732493013 25.851994633605347 3.3916224446981875 
79.53089014798735 3.597188733121941 81.70003286797039 4.581355040053494 37.546291699047956 -0.1696684658364147 20.437975429878453 3.089066856978485 26.035272018647493 3.433405034122723 
79.12756347865492 6.787158855151471 80.0945431912034 3.930561632972839 38.99941076541445 1.0571874442471572 19.345065079310544 3.079703353103947 27.032894192896162 4.04477558874592 
78.42773047404464 4.302922898623526 80.99707640158836 4.816281616380319 37.81315229191099 0.679018306813618 19.996865367392367 3.7643444778543014 26.965968209102595 4.061811645057696 
78.7008160281514 4.753051555932991 80.38270221683194 5.930494638526678 37.54859567092584 0.4968637522509449 21.16347752436402 3.990117208734514 25.684891739851818 5.4508588463701635 
76.86749654003992 2.2006534120981147 81.06685483227774 2.4421465669983675 39.64438796405453 -2.22046323220768 20.369047184536694 0.689026319606695 27.213635567852325 1.2272748834928042 
77.77666237570324 1.9670653519039152 79.21072485617661 2.472089871104056 38.43855875715708 -2.2470116055639933 20.436408461452455 0.4342093387085939 26.16229481161864 1.7064471680037643 
77.48302133125458 1.3628158876975702 79.74474715750154 1.6998612079007511 37.08438134527233 -3.197621215138416 20.978537483025878 -0.12989977073353354 28.10976839103979 0.8996177494293109 
79.25028117283584 1.7193736389444103 79.5806727919039 2.278629238545792 38.753014062557675 -2.9107077607663725 21.232652229738026 -0.7392941319899504 27.337311847781695 0.7799706173777798 
79.23864776040843 1.4162424299622167 81.34036886629167 1.0006678127954187 37.06164296719758 -2.8993333513533663 20.373242568729708 0.7392335265287225 26.21261486683668 1.2288032599194665 
77.98946777694727 1.413590211413514 80.38485545502355 1.6345979585623385 37.85437822156203 -3.514733490690663 20.126324038184105 -0.7739071155751491 25.907820503890516 1.0592629926754864 
78.07953347120512 1.2972136262218141 79.4576024252707 0.6439610452721729 36.99805298026645 -3.6597964895001294 21.991344513911443 -0.37452434477742386 27.223173239143783 0.550392292398117 
79.09907473035152 0.6192310112523751 80.31310695756868 0.8552907520281585 37.553917146583146 -3.4245780202443092 21.66136699081036 -0.42297418871944803 27.048272242714386 0.07072800442038851 
77.86304233267221 0.7301520787107882 79.80649029060257 0.47235773622144084 37.765101842792234 -3.827757596132808 20.788697358966484 -0.9942193433961781 27.367777102882634 0.20185450744624406 
78.20965106428947 -0.10074992596692778 79.35637556446625 1.84173790462089 35.55337532423852 -2.909803787191336 22.408974990191606 0.7883716981678478 27.82168116185701 0.6464662420502336 
79.30443653669276 0.9304951869506791 79.96990098541431 1.7277083411746612 35.18042868784871 -3.502909810916238 23.50146747993251 -0.4611325487027491 27.90164696646857 0.7345418783536226 
78.72297522449105 1.3392953109589791 80.72508235758227 0.9028975337689221 36.38086881590792 -2.881350878663264 22.535909742823875 0.7034433037427131 28.103696712661826 0.4872397141593163 
79.23014354661959 1.296682463222093 79.85849985838004 0.5478025152864853 36.18596956701607 -3.583674881579702 23.51853105390167 0.23551548360641683 28.79802736507116 0.9303642840542572 
78.26286505189995 1.0672840011336546 80.0280086669909 1.32960448754647 35.84739430864584 -3.006447984889842 23.99438408700616 -0.694382509891273 27.793951435197798 0.975281446776298 
79.1441601709462 0.7454967781078352 80.41145935452509 1.7294286285848404 34.295709921915616 -2.659304790847761 24.805536552478596 -0.7305649994184282 29.644151287080447 1.209657001268762 
79.55421704890979 0.3971107522533677 81.56052544799184 1.1627636313246033 34.7810001849331 -3.1771527768757424 26.1128146475989 0.14263389328234133 29.001595520340043 0.27524088816373266 
79.86699490660448 0.6276991195513663 81.54140491219644 1.9189134907383343 34.34179391341384 -3.5349945344762963 24.731621456349558 0.03171088307424519 27.562556871368713 -0.3189122237065217 
79.94452792885421 0.25380914564635765 81.5682849295058 1.7501906009862496 33.67263607913386 -3.4354395119084353 24.752990681291312 -0.18425095470364283 29.965659068721596 -0.11515342277519469 
80.28072223401023 2.103100607445569 81.38088817867883 1.0416819260308707 33.31666059771715 -3.1565442280426934 26.768884928426655 0.05736015750609956 31.11037888277582 0.472343544724379 
80.02906267806665 1.1103905131188216 80.55324440771535 1.3597098813425352 32.700838472154594 -3.176281974425134 25.938368292250995 0.08850979002693135 29.329611127264112 0.6005861350832926 
80.74045917130331 1.4331941858393349 80.4889993203436 1.5594802607284857 32.14911813682286 -2.5265149198591264 27.08562588090961 -0.6550741856396828 30.424034080820178 0.24358521651506626 
81.59514567152763 0.6133159760527422 80.24002996571284 1.0236229243710095 32.99720906590601 -3.025542193504843 27.024790109528002 -0.4906120303872271 30.312100919563928 0.8971779415898404 
80.5663901883922 0.5564520620517639 81.24350047835793 1.3854456491472729 31.99641305274955 -3.948082967487558 25.613728948486465 -0.8500586006929027 29.514832154190227 1.1660694577791642 
81.80069224318058 0.5097131129223094 81.52886684634323 1.4136579236005935 31.885966141111652 -3.467889699994384 25.550132897258347 0.4385072616545619 32.007334674244206 0.6724281113614274 
82.85936938533578 0.29959038349813755 80.93466710209508 -0.003279651032108366 32.488573218356194 -3.857411205000256 26.286943709947888 -1.2398287266141979 31.056999635310262 0.07449874642476295 
82.31157553368419 0.3703461190517223 82.71126577555725 1.5728536911335471 31.758734077226677 -3.9997425222312195 27.879396567495732 -0.07038049987645303 32.75637559112676 0.2995313658888975 
82.26095842065318 1.034506001011964 82.84561943245016 0.36046311155245614 30.404454275781085 -3.67057301126495 27.68693391575479 -0.008952735304112336 32.55263471942836 -0.09909475081182845 
82.23741032448646 0.37600994167456353 81.68170443996272 0.8622347921621637 31.11806301270912 -3.249382540285909 28.241606998391173 0.29359209761359484 33.11489368453333 0.5125237413411732 
82.03721655975183 1.0743669061543617 81.72226742565088 0.500120153328678 30.697776444917217 -4.104114948086495 28.904665088135896 -0.03744670202133228 31.37861060963972 0.3566929632619732 
81.95922259116936 0.19465309665512998 81.71373152444788 2.11995748641295 30.0208844617117 -3.436563703519834 29.10189319732955 0.06354511065851817 32.11645478989436 0.7309455760859755 
81.41290390184277 4.527312563026619 82.50191695486797 3.5702716294454193 30.28527256873216 0.38826159309733876 28.87135415015598 3.445077788230712 32.25402795522384 3.5505986453676197 
80.6576965003843 4.201488678127794 81.76338559867872 4.853748349408516 30.81851031733267 -0.3717380271175379 27.96528767179842 2.9294316071186537 31.112234189884393 4.43354368718157 
81.55822640189929 4.300035638245256 81.53357694516417 5.241813568570729 31.679679350618503 0.1055954935682463 26.848180521890576 3.600173932863162 31.625786167642723 4.061571718359496 
82.48087974318183 -0.24570807618952983 81.5330614231216 1.1820713703894712 30.703930990070088 -3.0338639251734847 27.7164124724504 0.3053892568761376 32.95263142849292 0.5916769058816169 
81.34246044619931 0.5570826817075285 80.75861976952554 -0.09170542264273451 30.25580776547082 -3.5689163002197675 27.549112534285754 -0.8874157632146211 33.09450882169761 -0.057752961115777685 
82.96291874974311 1.2063692390384813 83.00041560009868 1.1225287533921582 29.074818727342247 -2.296527430855281 29.77209336910675 -0.15106313379119163 32.924223832872784 0.8659052482240676 
82.19449089752547 0.8719353050936679 82.52182357692556 0.48578632309468195 29.525234470811313 -3.4393889923547714 28.930795471997662 -0.02683423148265668 32.59944102683118 -0.6880340790568831 
83.79560648905725 5.451192252709092 83.1271406334321 6.383602738831332 29.56334019509093 1.8769984663226413 30.251659761239257 3.847085129265962 32.3239370304364 4.8091977276421085 
82.75217245290526 5.835309609603126 84.18155763897316 6.870730334815979 30.222127325841754 1.8741780605901515 29.577969943364145 4.658838016131303 34.44888265845273 5.165555257735599 
84.3337602321544 6.5184456292727395 84.1873027012409 5.824149136846586 29.682002908652297 1.0170815238554936 28.985952534384086 4.770920487226904 34.7230053027069 4.832112114748056 
83.62237972484648 6.086152728836058 84.41587909291017 4.55745799658366 29.533140386906403 1.7985011427440367 29.174730294819074 5.153614407911725 33.128472331245085 6.21148503876996 
84.20660493065839 5.1225074833352515 84.51782615350861 6.961854533762743 30.97445450659077 2.0036258977709824 28.6223163005143 4.281139875946528 35.46209409428463 5.730949469259783 
84.7063035733645 5.3421229039707585 83.80206843427354 5.746644444922081 30.218943293015958 1.8391968363186928 29.140456509843318 4.697044080848721 34.44003256254884 6.191315713772015 
84.1758573424982 -0.15780538396591492 84.83297054742673 0.37768893539077963 28.94102493149188 -5.299494990590592 29.706033401260544 -1.2847138938051423 34.52578434285179 -0.7451256691249079 
84.21588783944424 0.22862799849340776 85.64503181148127 -0.1328531944943444 29.85322123825674 -4.2036614835033195 29.26763313535437 -1.505609445452198 34.011177817773984 -0.8288387762314362 
84.35004842695255 -0.3121593374471943 84.3321854288216 0.4037282332474105 31.201771041103626 -5.17907816226237 28.80233828043041 -1.2926495582061626 34.424141705521045 -0.6515250070326184 
85.59414989072651 5.06215947927528 86.47846712662502 4.8691633873698645 30.723564034332178 1.1372906649002454 28.97011278622439 3.6790540660664655 36.24263544305832 5.075945489638977 
86.62862962480717 4.502147341077883 86.07973120800318 5.2938873677821325 30.321567722899683 0.8563195217283054 29.08199011684154 4.8668879847455 35.176303584222744 3.9535584517348843 
84.73928824116106 5.537168987311087 87.01148307317136 5.6332190496161525 29.71815137474933 1.2428608863949084 29.33173362713236 4.082057302772471 34.41477520003465 5.289533418127346 
86.69504212017581 5.876486741218446 86.17696758715962 5.4569184725910995 30.744761616846123 0.6616416041630732 28.66617364269313 4.825950897375221 34.67421168889489 4.774625094818897 
85.36259366017232 4.933857306893486 85.46128629120575 5.941650854344215 30.328957171214206 -0.09729870747883695 28.921523590509203 4.141202777273655 35.07182781827365 5.726360728797003 
86.75035668877308 5.826073830850989 86.09964658153979 5.540875415458313 32.03290227686727 1.200885698308636 27.538208332672223 4.3592939181156956 35.01727591208557 5.421720760870534 
85.48451009389798 4.174851825926245 87.59302485993521 4.680942871143543 32.0094458746224 -0.5431427932755485 28.082203219228713 3.4939532675193856 37.185489134430554 3.9635245079201997 
85.97749557969254 3.9253559586775797 84.94717062559616 4.066555089897106 31.02832636327943 -0.4660523498454793 28.44702824560077 2.8859277665438983 35.706295610418245 4.681134094319772 
85.70693092725872 4.1700979369223665 86.72946371404008 3.9410676731165304 31.546600385594573 -0.22347412002254316 29.55038831953082 4.349171005474879 37.08741609099068 4.306916746949693 
86.89654739665447 4.379219952895724 87.54030888281517 4.944211166758013 31.717306746879213 0.1887084591959191 27.872915594948093 3.2685634003448056 35.016512629711265 3.860324551831428 
86.45288785562552 4.941172295280358 86.40824386410951 4.712054319043483 32.776109109669086 -0.2320219118472836 28.47768230074422 3.949743866682107 34.92800274747028 4.265483639020862 
87.07397997875162 4.2587368071293445 86.17286714513027 6.030182103818001 33.819867991215034 0.5360162990943167 28.05815220946402 2.7054028416498146 35.46167340509743 2.984310180671881 
85.192225107149 5.366322762018165 86.8905597564549 4.571767099138869 31.48805189074496 -0.09487904420034127 27.33813365950472 3.4991349124339375 35.339351017927214 4.015411651163888 
87.1474041438895 3.9843356346526604 86.30349029943349 5.343008084051868 31.810150524204307 0.8726336698229953 27.42944700615444 3.743159824593923 34.37974496806431 3.8361866669055216 
86.89899525155015 2.503347067754739 87.7324382353462 4.058949797503853 32.580922803291465 -1.259201789485136 26.808333592323326 2.228053354035604 34.89695972698376 2.759295427252786 
84.50898221196076 3.2841012406062364 87.0918920431304 4.3617399442340155 33.1953733786366 -1.0069782974477297 28.38291969887377 2.045223541199538 35.17497565148196 3.33096205576721 
86.7263921529428 3.857752327489878 86.92649853922761 2.3501247331088804 31.512877751212596 -0.8485421452624683 27.743845107441796 2.805068806425112 36.343841803848896 2.625983216935501 
86.0725174077706 4.415993735813809 85.20186093407474 3.9870268322427465 33.12381294235106 -0.6742669788936224 27.39553535592129 2.503281923388912 34.395728352739916 2.4943341259665504 
84.64651369256764 4.195348338153787 85.56081827318464 4.080061849249745 32.97964662245789 -0.8627655396425382 26.213062628923797 2.4498361711492276 33.40283870015949 3.664990791257525 
85.11599317839425 4.295360033139899 85.97888433035628 5.855483148011072 33.753667815851465 0.4945995133387094 25.482212024615844 4.568755232904025 31.082884196574614 5.139688639797994 
83.80367957001788 5.744492853284887 86.32555809283087 5.303598042463397 33.05010039931989 0.413608411888852 26.090185195467072 4.208457601303555 32.62867588501049 4.3799472937646104 
84.69099753906809 4.964353240558925 85.17594189099155 4.926508587945961 33.42511004747333 0.7734256006317958 25.521417657626113 3.6152204726273376 32.09309705299962 4.273278587151385 
85.29542913559828 4.213759037815823 87.29570938807598 4.368360014754516 35.17866827558268 -0.2718027074079998 26.840678337079215 4.104028964634997 32.0243417632375 4.261742730230004 
86.03515819702494 5.1917865411124815 85.91190171696404 4.62485845022933 34.8735735216045 1.0670252501825486 26.011222269035972 3.9776029891954474 32.52712302200135 4.827227500402251 
84.53469289837578 5.098917497208053 86.18283088575718 5.439230057313935 34.54722211997894 0.20430088448936137 23.755974196061125 3.3643877186384428 32.637068832488744 4.368635266812088 
85.75168722047573 4.8542170636566775 86.68986478110895 4.866761492184837 35.083322293794446 1.0545989258747401 24.564353903106337 3.6637507940283225 34.28576916487795 4.809153333958345 
84.19568328332039 5.027986103441549 86.42299016619185 6.4227536203955085 34.253966958465725 -0.5511876561767967 23.655735902248946 4.663659509607526 33.32252286340195 4.487416878759133 
82.53532307278215 4.592734739263965 86.76602284342657 4.6218931191346515 35.23209198151319 0.25955283516994665 24.93727940960444 3.697315286625861 33.47234427616528 4.292876049591399 
84.3541516021933 4.265800405929562 86.32655926956265 4.988038111498582 34.8472730184605 0.24737558523338787 25.067914188394774 4.478463356847675 31.96570300281366 4.380548962442378 
84.41444748881236 4.532611455462053 86.99697400476954 5.321626430024468 34.31834254040579 0.7228909487305799 25.02827783975561 4.172618685837223 33.307477070974535 4.156630725684692 
85.23461443645843 4.260636326322733 87.70942062758559 4.9640474626629985 36.42498747845298 1.0080490603800187 24.523748364485126 3.014135565199297 33.85105809939662 3.5387807985868567 
83.69039051751085 4.725868957911329 87.0330119568085 4.600574481017557 37.41420834575859 0.5965416474567389 23.054143356861477 3.8045302049875214 33.44311500318129 3.4842934572699273 
85.05438701798671 5.517882063037185 86.85228725081917 4.767201388960715 35.65059698514187 0.047100092395590765 23.355846040435768 3.9232157236930845 33.39035591790689 4.931053201827008 
84.16012778963422 4.1587337792011585 86.98627527114485 4.303272500654066 36.56432789376626 0.24097159261154855 22.426510399264327 3.842851023057735 32.683529689915744 3.507698191498793 
85.48351550133506 3.8549055738017497 87.60372481706985 4.85562318148462 35.976187768455496 -1.1412790168557276 23.0070641032484 2.935991731077542 31.86920865196754 3.9112714005215983 
84.11403740845319 3.915717581800603 87.17958689734756 3.4202177588756575 35.22227358160363 -0.1284299232770013 24.286864470402197 3.067396403097804 33.398399956742864 4.080252817594329 
83.67003858921417 4.110208001433801 87.26199138692874 4.6241519646492435 36.830071346390326 0.6409459446701736 21.639724147694647 4.375351191379634 31.69901464343692 4.525347336542771 
83.7674859001839 4.628696628773536 85.08461207526467 4.754644940983121 38.37552220170567 0.306065007655147 21.650035783863892 3.2212865806740894 31.008099901235646 3.424711243262277 
83.06939366620111 3.503166361250101 86.06540015542211 3.999661319043233 38.10487930474646 -0.13641293913219266 23.377883207170665 3.2652403181042677 31.310513243250895 4.175608462404491 
83.52117072858617 3.8147145180433295 86.08994444107631 4.551720848143632 35.843411539162716 0.1431798986500331 21.784763186149828 3.5218094933229476 31.059075771666247 5.304895325575824 
83.03920768447844 5.426306739567236 85.92823141528264 3.8255945627875994 37.40485491996489 1.0987337342351087 23.005154081907516 2.8311848306946414 31.22788951412744 4.007979938855278 
83.82254074302674 4.374095792599715 87.74985525860771 4.256191171675457 37.59521470184248 -0.4945299840025881 22.222689532669364 3.221562601283491 32.6563321703967 3.677217238812279 
84.59454045732565 4.059621910867893 86.91354251087137 4.8136488436303475 36.62757201062777 0.13557736612397486 22.905593705297118 3.22703417643144 30.794565071415192 4.3147331100694375 
83.89284657750875 4.425241703995479 85.99283760431223 5.696294936416084 36.98627628998615 -0.18480048538500815 22.594937316959513 3.7173113512055798 34.0018792948279 4.721603791542788 
84.07078934471133 3.6501365555387335 86.75056530101158 4.061963207874572 36.08932976408939 -0.583303982792015 23.761697225228986 2.504520972794678 33.1763034191921 3.348115942214471 
83.78001848399795 3.4208841493732 86.16547749874721 4.480249950124716 36.73536106009264 -1.0230706942876588 22.589766158131837 2.772884943474633 33.08808517603834 4.610141239591811 
83.94174338342516 3.3294394906988427 87.11918001400498 3.7989655190839993 35.057593418079826 -1.1474693888746157 23.21179540178256 2.5021690635499825 33.26333948956048 3.0732411648557685 
84.4058591436169 3.7134644551092353 87.64664898465813 3.026716698926673 35.69252531971491 -1.3439275000532902 23.810270349756923 2.0101629999252175 32.07654805254972 3.952362441287079 
85.70856099231813 3.0422802301149794 86.72394641296174 4.598998655767128 35.78904785834322 -0.40538730148440794 24.364931595271607 1.8604056810765375 33.07150306735622 2.2631129161341375 
85.39572280988543 2.972521982328471 86.19802768989113 2.9220663155722932 36.714955347808136 -1.2517176846679043 24.36243665538542 2.021544595382282 32.50311392834553 3.6581253209809628 
84.69650354457751 3.0642172660182303 87.09593808480227 2.8699314849303605 34.88528487969868 -1.6524745441671331 24.551842233374373 1.8552783392487857 32.56510693225447 2.6633985828109012 
84.45210463958361 3.438062471458765 86.3876731536309 3.46040481776034 35.692069419026915 -1.5072403219525963 24.699290993755728 2.0252834090835536 32.80072614344106 3.3451367683059727 
83.90943894420364 4.522041527428556 86.85154899798425 2.9487470412994345 35.58138210283807 -0.2807820353689119 24.55430269037622 2.0800146123929952 31.900124278293532 1.9252470591062127 
85.11844810123505 3.354541506596523 85.98909238457928 4.1484230546310625 36.36711756997507 -1.2031410412339858 23.570262660407277 1.9254475984157895 33.25950388055734 2.8615682075301563 
83.47483500967866 2.4999429248218643 86.51353639333277 3.256874418943639 34.95704544919119 -1.3778249782200385 24.310482279546704 2.0447897806017203 32.839343351192554 1.7480978247777808 
84.60364573044362 3.4433205847295034 85.92471474953011 2.1524798975734365 35.21671203709916 -2.2244210294229405 24.459806240361907 1.6693022258732444 32.25779900249119 2.7384621514323086 
83.41285002392922 3.2740115850659004 84.8749759290069 3.856215039158107 34.536815973958014 -1.4252121896983108 25.135266873459507 2.0361881294142115 31.96010154137977 2.169829316638058 
83.18451573767726 3.994807908117957 84.60249413039749 3.5450880265315248 35.63320847544297 -0.9635431586628103 24.861235139514367 2.4861609563292277 32.66343105940766 3.9788799740806278 
84.28878480440785 4.235890523948064 86.08799541099155 4.5432242833854914 36.45864449351316 -0.3551962159144437 23.94149446338328 2.62180100332085 31.817128666062096 4.034018604233437 
84.53011828340921 3.8745769603547138 85.49381629040904 4.672656053274446 36.40584052038918 -0.5403535452925872 24.075835763253828 2.7209518610377064 31.46085038304932 2.0011321406750575 
83.34589755745678 3.4365820552280257 86.12559169384333 4.6311943207487225 35.529622137534254 -0.12148470350095772 23.37557212183246 2.911754484487259 32.402792537521776 4.410425659254736 
83.47887336275662 4.50173358142712 84.93764419309802 3.6459464358231806 35.97590664870272 -0.5407957476597256 23.391583741158936 2.446719920008294 32.20463972507594 4.903843918428088 
82.89901004291016 4.6470546104347985 84.18998845906884 4.66004678508882 36.390556714062186 0.054491686755930024 24.300277492039168 2.7566951286327024 31.33357798648842 3.349511287378297 
82.98158157712489 4.35191489778102 84.58205475313403 3.7807107346114672 37.11638814960968 0.6898509708512787 21.899158325335435 2.8889058718164518 31.67430681366655 3.971843428123564 
83.42816734989466 5.154485971151905 85.16158103225314 4.3095140710788105 36.3842955505639 -0.06243284577192394 22.095792922921447 2.536451794765528 30.411678987885004 4.683233958962383 
82.83555833672575 3.741697809955819 85.36434221849477 4.453616321997511 36.47600284440247 1.5368828989135215 22.213241937830393 2.8949292977470913 31.43971958784264 4.275542274410136 
83.08693718116702 4.40914509181784 85.82688144996771 4.568641924668093 35.9876327105719 -0.3800088872122614 22.57525244955495 2.5699091945042682 30.556912727840352 4.209840881083537 
83.11865181655152 5.081616986857672 84.94701708554543 4.533814498300792 36.407161173698036 0.9953868690233575 23.558406016744556 3.1030628385412595 32.18573054279085 4.182014368571243 
83.36768979027042 4.9226665601980715 83.95714742156875 4.411193486629536 35.72887805276146 0.15840536107366204 23.036080252868995 4.022129952210871 31.216265212854417 5.400575588373121 
83.19011843138 5.155770578030928 84.91188041959514 4.945903275659518 36.341037928384765 0.8576742014134772 23.681199906811226 4.2102689066027175 31.423570812408684 4.384039710711904 
82.22195735379482 5.302903259640035 82.12689244221764 5.245259881837123 34.35124717776487 0.9559092801655473 24.094238269986004 4.663268142871142 30.845596385023075 4.0926833681871715 
81.64894980959241 5.6847890692954675 82.75509921543639 6.089137276703102 33.717818142760265 1.4032671982593459 25.58585810703936 4.824433078020701 31.633183758527217 5.038134693217795 
82.00997611688376 -0.6752267385540515 83.17510311182805 0.39517356802841974 33.66448420808697 -4.447932701607877 24.779922418338096 -2.185623027166261 30.890053760007014 -1.4487483118193396 
82.07984196535234 -0.771035915219713 81.47793848057773 -0.5349456646236145 34.097230519515776 -4.630482399399642 26.29994463385467 -0.6579781721739758 30.139730215139117 0.287630245176556 
82.44147072653384 4.0989713005302955 81.13587505537303 4.0974388954309 32.21982104189719 0.04240855372305468 27.16282244901529 3.1465082077769373 29.393205397677075 3.6490004202283552 
79.98273586662258 4.394606022944185 82.87655643813359 5.019345571279241 33.91030592629579 0.35568495461884064 25.071640420802957 3.0182814145176935 30.737700485307546 3.7142736197146413 
82.27724311975153 4.484811635410527 82.27208980272668 5.814942889170998 34.333374021287476 -0.09471500027851326 25.620729254979906 3.0375053932218794 29.68704541312432 4.219432476212008 
81.723227164108 3.843533900801799 81.9555717771678 4.10770276686118 31.08403775406834 0.01734399224451083 26.523604666612613 2.5886268058969155 31.10879881371451 3.7698395818014423 
80.20439697518411 3.7727708404942937 82.55478015769076 4.3081269743489985 33.53871322255392 0.1455194479177101 26.623784865851086 3.258508863352224 29.83484879637773 2.9042183207606564 
79.84992624830466 3.6904140616607037 81.10761348772641 3.6734152420683723 34.2515427283003 -0.5290212155485261 25.076359131783224 2.276125039114403 31.990498422479767 3.5304116987133933 
81.47248431352756 2.9552308659137103 80.63277383970113 4.054621474142072 33.370503033361175 0.43826205589376044 24.96110419938223 3.4565824913681 31.254609646249254 3.598544284613873 
79.5749832442591 4.309266681494877 81.67697188523303 3.4893743989585624 33.09798166925 -1.027277114261649 24.689010379929275 1.9400588335053714 31.517274961276424 2.0867425774802233 
79.29050690004607 2.783357787083653 80.48509627359358 3.4708824192886953 33.775683603791585 -1.1068491143554609 25.546954660206367 2.6834280461754036 29.17406702592013 3.58468034650254 
80.93451016492064 3.647516919118332 81.40738659015425 3.03237052943669 33.826923472975295 -1.8921469716092028 25.628260976733078 1.9139263201611494 30.644322610600533 3.2373966759840185 
79.75442931034672 3.2980760706097256 81.27205675056715 4.00046208210056 32.74176655563162 -1.095948862315958 26.28648434965242 2.4522493030673878 31.4753452588153 2.4938979357866646 
79.24277552751614 3.232474170796787 80.95748037370248 4.3510193881910295 33.36435770362395 -0.5623507484422426 25.13975092385434 2.4760375709854427 30.11068481398832 2.7598075937780617 
80.64772255925644 2.969734684103085 81.32534950422779 3.399723097752369 34.16088861171166 -1.0043475008867455 24.91869272993945 1.9342293703944986 30.52462161511573 2.8988952892426623 
80.371277048112 5.176191811667482 80.27895748472663 5.6861015802864685 34.06596602008123 0.7475743175185762 26.134724677894162 4.160097937379667 28.338545314563156 3.9542838399763625 
79.84737899857791 4.942525502574164 80.57142584646297 5.51318323437659 34.22034558311884 1.2927816492825173 24.17779303173515 3.323915446926388 29.611404441632455 4.554383582198515 
80.20588508601564 5.926496458990153 81.14522815969599 6.021071201136511 33.06455848704049 0.8408360730689028 25.927506922495457 3.3083514806758796 29.11437341836704 4.409285421349986 
80.008878856853 5.3839092068674335 81.1068750291223 5.1427672824636375 33.779688114321 1.2348404624730573 23.462931595563912 4.150316987547758 29.73834876536488 4.458303378736127 
80.34266103067671 4.829818344820262 80.99429432741783 5.3844730652174055 33.649941562536995 -0.04413153007965409 23.935444723510805 3.9528431365240944 30.76633683260086 4.640029043210624 
81.11803294509915 4.621080919324964 82.1411985292802 5.517082473899112 35.14049824532748 0.08228248095700763 25.206532190462337 4.348935803181416 29.707666447481266 5.00905933356494 
80.31753770807522 4.000767756442374 82.59608370039946 4.540025484625092 33.8773783523578 0.6321980585778457 24.544213021160648 2.7207521681311424 29.777818584430864 4.674095781152818 
80.4388896558997 3.840926601399729 80.46500984953094 5.349410263039498 35.02111218147968 0.5916657360796196 24.890630583179895 3.8135576836198983 30.709285095767207 4.103072540442335 
80.30745457074333 4.767103671772767 82.10760226906193 4.830516322447863 34.13499655882699 0.428054493273573 24.997104656267656 4.1640341118217785 30.813260783151236 4.263082387540444 
80.78022212997426 4.476765022139675 81.78454455384785 4.026388201432029 32.750235884730905 0.7952979550304426 25.302217678570457 3.2794875959079737 30.297183075330423 4.229710013683728 
80.52127538377823 5.2367534671436555 81.01279677266425 5.333708415105523 34.76223811893421 0.12892166671382965 23.617466250728615 4.151615631786104 29.249623826306134 5.102636947771666 
79.91936284302288 4.247356859360091 80.48157345284793 5.424368625136159 34.61757182595049 0.9519175516890124 25.097038117835513 3.726909046525956 29.951215620308513 4.389891042494326 
81.2278379015081 4.998693338474821 80.89985480538095 5.705417086304274 32.272165353455954 0.8609000500972299 26.274755362335956 4.152837758875332 30.8469329736021 4.739381128985114 
80.21939451455033 4.102384795033152 82.0038339362724 4.168054193025429 34.732741786562094 1.414262600999018 24.68921015556006 3.0786749387398515 29.613258976236875 3.2400552461730605 
80.32982971516448 4.080257703194829 80.50264480187025 4.42406778738261 34.89356330167551 -0.4284522022137117 24.327853461047606 2.988551400348832 28.89756795587146 3.6524007670612577 
80.56432902014964 4.492947554633285 83.46906171883789 4.127540013789698 35.63179626255443 0.010940899769912193 24.53247156463091 3.5704481090953752 28.99437079065705 2.7401571626326175 
79.25762886607436 3.257870240092511 81.94367031586711 3.9106593316234814 35.00922319270754 -0.7128201072109971 23.221193363329096 2.9004457021283603 29.414522377099523 3.0912768132098174 
80.29800861121544 3.8973699191386366 82.13051357303242 3.558421261342886 34.196393694679905 0.15885534642583954 24.99854489488796 2.9270252870860762 29.301693267521767 3.161332289737333 
80.1950038011829 3.637885960407323 81.45013989800844 4.079661524387685 35.73141069300073 -0.8932088265819929 24.383203120885973 2.259367729366016 28.804002561637777 3.4919747379093615 
80.31886087643086 3.2272594110018265 82.23686031221142 3.2638594687101143 36.11348418401038 -0.6698198332741861 24.120900750939242 2.6562754056090183 29.43964069517537 3.1611330722519035 
80.08722575537644 3.025507987897113 81.8292007284501 4.294217293132747 34.96543929472082 -1.6490045172460577 24.823075619938006 2.3678260944907707 29.908843753223785 3.8244501781263223 
80.44903722336242 3.378553990320297 81.89931112228656 4.630805810054436 34.767193302572764 -1.897804779583187 22.97800927909227 2.985696655816767 29.276833570268458 3.8404447019409593 
79.98406645947792 1.8074422225219067 81.53836666686041 2.6800162595672656 34.33675617750457 -1.8929817307072287 25.182820910644327 1.98066076061397 29.857507485642966 2.2040536887413746 
80.6944207493058 3.010099258803319 81.57063274164777 3.42471068974529 36.170017312326124 -2.003579320697125 23.76546335216956 1.4088639272847523 30.07896138181208 2.2528363601713965 
81.71222092783704 2.5241168862075636 82.94597003409396 3.3200107484753096 34.73011548103635 -0.70532525046374 22.888511727183243 1.5161966764424606 29.47247184087219 2.2045981475439227 
81.17600563474407 3.5812430997879368 80.45436240379428 3.608251308042225 35.339610920663155 -1.3873399239823252 24.56450315190923 2.1070769480107128 29.113775872448024 2.8405076216527716 
80.73121069864295 4.309993197939954 83.1123889235347 3.8602655661233802 34.73614944169725 -0.4161105352230879 24.39365492529221 2.9904796026154554 31.92894254737302 3.573704586047553 
80.37598977433832 3.5879202027932884 81.96183724406927 3.585455556452418 34.104034492702425 -1.4436683365007892 24.587191071039467 2.47792423845673 28.63730542997758 3.5614554300683117 
80.77566377109918 3.770351620792302 83.575727379097 4.670806363786599 35.01361643341423 -0.9171309448628788 24.299379427985 2.504692287453265 31.1794943333115 3.973996221472486 
81.13348588273445 -0.5131628856074129 82.63079210822778 0.5622206299191307 33.04015704675672 -4.3905374355257845 25.546169483804377 -2.1953134244845818 30.7805594336585 -0.8485143604911496 
80.20918648292516 -0.4978942643945302 82.16955996624378 0.5405274793584762 32.8166604312855 -4.956773477927881 26.0113518672744 -1.3272533799992763 31.25094954084262 -0.6749701852031409 
80.00296116741414 -0.8745446025510009 82.22286292744081 0.5943517917828892 33.718023347124735 -4.618534936128336 24.94385087817794 -0.8237223311496846 30.36207279901661 -0.012556934209711712 
81.08614056925843 -0.1708666551319921 81.07872870021968 -0.2809945863426496 32.33859278258941 -4.053980687555521 25.11796297305475 -1.8473771730163564 28.49386454118252 -0.2763723200348052 
80.03397096962017 0.21809371374465986 81.0960341426864 -0.0826357430879279 33.23503909506254 -5.121972526741979 24.704241371423294 -1.414801452085908 29.524348176776535 -1.0420240857060956 
81.34325877376361 0.48965364865416183 81.2992461626828 0.12583520061723147 33.39883734910791 -5.521400340550853 24.289398913139568 -2.381312205083118 30.43478441406428 -0.7072564174069504 
80.58734575865414 0.4427982925498978 80.06704450851501 0.7029002348745665 34.383819505032506 -4.065779997426693 24.325210771848205 -1.962707330431087 29.388273016254626 -0.3165463962134324 
80.41319976157608 -0.04481691599856208 80.49798747950541 0.24514218638758556 32.81590778332616 -4.718129722593487 24.532274140380917 -2.0112112009690124 29.087198693000357 -1.096846316236531 
79.32240424050795 -0.9803630000235068 81.18631574787773 -0.27096690239532767 33.72516230704334 -5.45730339938501 26.55955152467306 -0.9330526063779625 30.275603195098842 -0.5538733759102612 
77.32774575317497 -1.1173068071739498 79.26685611152098 -0.611515329921803 32.96189771783341 -4.240686859147556 24.040598513805573 -1.1368964272717061 29.684292287107446 -1.4740305354814325 
79.46094893271894 5.83564099244886 78.95354343330266 5.32547724758908 33.74368394012112 0.6971745339673402 25.83071957857157 3.2045081745721786 29.791702249725535 4.434776650665077 
78.78279123652882 5.435641027977352 79.43029734844701 7.643168392061342 34.48946395781378 1.104506820597376 24.233623145929712 4.356986169145896 30.344316573327045 4.426094095886741 
79.14675128939452 5.138876930246339 80.5656659541653 6.57462157128745 33.844911519740926 1.6298518444721655 26.63737139799989 5.030568925045143 30.065585449434074 5.070092797156311 
79.32135303622756 5.093920490348224 79.9492080413112 6.101115212555442 33.42210293964003 1.5002932828935525 25.483723536729936 4.848689121863668 29.87513633586067 5.013316926793867 
79.2039065759566 4.527555307860978 80.01533624895166 5.785994934321966 34.23751814396114 1.219154463483929 25.027717604807954 4.231383246819714 30.31948769113945 3.831049745206337 
