57.26630293806243 -1.2696887156046834 22.045894924049716 -1.1601034998034603 32.11783424381256 -0.6786174365244771 64.58388946011567 -0.45850068047307707 66.63467217197764 -1.4632702531273751 
56.00912116910324 -2.486782939162092 22.254706572427366 -0.9649801286731704 31.324172933105654 -1.0935360639519256 64.35124788853695 0.47901183092480837 66.39603947020026 -1.1646967365760572 
55.78736662846229 0.9131145752323204 21.829446087127426 1.1772969016580308 31.068849009649284 1.0591639789772587 64.17111553237118 1.3926764452058156 66.80499924786362 0.6374308277496626 
55.99157239797163 0.3331354483496017 22.20932330850265 0.3576826327374088 29.34957133252639 2.191058095024097 63.36111680130488 1.4421547693212033 65.63490536952598 0.024325901051427734 
56.30753537672133 -0.25442908581432916 21.042687076924746 0.429064103585198 30.17101519050857 0.9874187528867289 63.2025261033016 0.2854336144883638 66.99989067856951 0.06006258139417053 
55.53064209098198 0.2814265499282631 21.02287435693598 0.3718952829597435 29.75923430521763 0.9635882488332301 63.05494725164799 1.021400862869919 64.44715869650989 0.34173048283299357 
54.773269978183976 -0.7046741501205965 19.71636554176314 0.32705676166530473 29.867144134779014 0.9170409675824143 63.42532057372662 1.8169550914119388 64.24864284778158 0.6597699052797618 
53.927877919730754 0.3654280414872142 19.780348375948815 0.513790960542523 30.39164261946282 1.1250852801431992 63.966483805952436 1.9893532400008567 64.28426751058373 0.8615257544627783 
53.88209472804549 -5.893350271697254 19.53120845865287 -5.162187060887897 28.877635379635336 -4.404603256262111 63.28032555603405 -3.9447946228185855 62.7627914845065 -4.97806328537193 
51.292906071498734 0.5406779342631926 19.043725502909087 -0.45588410815455105 28.534232433049755 1.6580574867073534 64.08077138184593 1.3704196627465068 62.160033100356365 1.4182703693502163 
52.06939328591351 -2.006304219525326 17.855926082310262 -0.5524726334856872 29.878112977844683 0.8666914195694096 64.45627203962864 -0.4133831354106795 63.094582419565135 0.37224031760281817 
52.43744388928485 -1.7664456333584944 19.999358028265704 -0.7956286554832517 31.002318126961185 0.4447983219343168 65.29426281959825 0.3194475963972593 62.614559197400716 -1.0077596971327796 
53.22311133041247 -0.7218160601114267 19.43916879545602 -0.31191296417452 28.29418508326569 -0.7313118589500897 64.37495788924386 0.8270443787500306 63.67218113606947 -0.6446137614898375 
50.48010227531389 -1.5041371784323316 19.115509202426082 -0.04532261827863887 29.296228412913067 0.15284636987135453 62.746040673312294 0.2689373332104458 61.56127215850311 -1.031074266998027 
51.77196914763861 -1.8131349029488506 16.86075141711482 -0.474386456205669 29.581281775257835 0.7918895029917572 62.49005557631043 0.09028989326124276 61.277457572135724 -0.36565909326555585 
52.37947684907298 -0.6813916295412856 16.456591449337026 0.7095343303821566 29.332826592516945 0.4741524747978727 61.725196356999376 1.1968547900968733 62.295628193840564 -1.5606217470707326 
51.78183819420507 -1.6866713905263548 15.182012142103511 0.7981872933765237 28.077992835773614 0.21103088253794428 61.85202906096476 0.8173837364913308 61.12091215176361 -0.7718475892385 
49.89259922406602 -1.1128262221257004 16.20459563610107 -0.7338527313499001 28.504948482642888 0.6464418350842601 60.63123502967902 0.9219652629254406 60.04657113852281 0.26865059434511085 
51.6774643442278 -0.2634495879036254 15.983572543943882 -0.3695078631176407 26.656961599775222 0.6752817014216346 61.71658149358322 0.03330648690594962 60.26909599378989 -0.8394158179491489 
50.88422707612747 -0.8970951442301219 15.463696439049317 -0.6826624502449838 26.486588378310444 -0.25348934275488644 60.4108944784044 -0.2137781612838036 58.653135267590045 -0.5629342390822095 
52.15068506532257 -5.27594876137373 15.705648554310496 -3.962873469971746 25.71989479163581 -3.6286697707945006 60.8368052106858 -2.9654609124767894 59.71090529963238 -4.058469966748194 
52.554105841965736 -4.5929099572780725 17.147875939035742 -4.005460862357782 24.80012914090813 -3.0538725077250715 60.84054571963426 -3.273435901355961 60.001322114330044 -3.6330394977502873 
52.07230844778194 -3.79217918501076 15.849456376137507 -4.074866266020079 26.37687952160035 -2.5656806458054104 60.631494344441435 -3.2981623148666586 59.65384873778691 -2.966529963201742 
51.291365824475214 -3.528807539607722 17.897533750087664 -4.077709807326302 27.52669212216097 -2.3727202973511634 61.787244849547925 -1.5508858475947607 61.00761586116869 -2.475826454207921 
53.68131253493224 -2.9875665127817386 19.00187327146414 -2.799855297452569 28.73642578366378 -1.8757318411225037 61.53807953306116 -2.1711121505704747 62.23781641977133 -3.8670147754595083 
53.19619034118768 -4.855980588814413 17.391239130498615 -4.558037844159413 27.4282897186355 -3.937704586635003 60.69510722099332 -3.4083063981689015 61.917793125104815 -3.9557785767106663 
52.88558677340998 -4.7170797201281225 17.3689172393794 -4.230416889138014 29.591255086303196 -3.453388471979646 62.96430867857266 -2.9491017970415054 61.570117712658224 -4.107989678042637 
52.3413596745529 -4.32880845659292 19.407259895877164 -3.687972928695176 29.4240118118777 -3.51046007276152 63.42444405244359 -3.7585962648562083 62.92515901832518 -4.03221458677866 
51.935342825157555 -4.728658254968287 17.975547414182987 -3.6983645520586332 29.174120976914484 -2.900952714252622 64.60839123173821 -2.8801180247646982 64.69557653045577 -4.128251405261265 
53.36627968982888 -4.861268212407769 19.565252978533806 -4.512940046352741 30.180625712968972 -2.915762415333057 63.20077798884881 -2.917850870383746 63.31413361228601 -3.5363243001063855 
54.12932093511904 -4.889327218119425 19.31168899203356 -3.8360924684518576 30.715954108717735 -3.647664700937731 64.49606185257257 -3.2681964646008224 63.160558497659785 -4.221775294678336 
52.438294732622495 -5.046196066306092 20.020985415214756 -3.6484239225156934 30.579954755441854 -3.1245907559808894 65.12148514055144 -3.1638973623161917 63.618164887033664 -4.497025923829186 
52.88881338946009 -3.5792051084373626 20.029516746405136 -2.0384398764992584 32.678248747398854 -1.9913037643338918 65.46610058766026 -1.3806695623309002 63.4755075631794 -2.699346419552042 
52.8975700892852 -2.8244162859765116 20.77882230658528 -2.9397441019626163 33.046792197888 -1.9581700717833102 65.46715066474566 -2.239550758675831 64.36436470639907 -2.8805735626161706 
52.863167957431024 -3.725807951292619 20.211757582103694 -2.055290216603284 31.921661469768143 -1.9304683959532318 64.43947118221656 -2.2753351184924906 65.3095995301048 -2.4102368318638643 
55.23225031941997 -2.9777425984945634 22.156382682626926 -1.3016794376765388 31.39609153421909 -2.060527956955716 65.23913265291836 -1.114244452021496 65.25699311649097 -1.8358879328364233 
53.13767305537831 -2.779091371313683 22.01328832223192 -1.3376929000376032 31.45732017781697 -0.5415547776889956 65.10754048071261 0.043988007907652116 64.91048017311738 -1.7830899929944297 
54.67955177160591 -2.1898907080631598 20.825178731673958 -1.1060331160610652 32.633276942888635 -1.4317377517702108 64.09540645243625 -0.7129225468708527 65.50181146854541 -2.0617440170836923 
55.35675845208586 -3.1212483057973013 22.333811410086135 -2.3285413642172106 30.457220063319642 -1.8788756114148573 63.938410510389744 -0.6852214333184068 65.99562388743782 -1.5086152152421564 
55.5174459008578 -2.897969935916613 21.246354051208005 -1.5306144362635603 32.240119187042374 -1.0937212036765906 62.91471170610422 -1.0362364056975921 65.59611143145132 -2.1460302763008747 
54.9562633789318 -3.443202616563348 21.171902863621714 -1.3346696208862467 32.15700456039385 -1.695518642387484 64.33344673193837 -1.16683629471256 66.26565590500323 -2.9309347687046223 
55.6229034243191 -2.252713768449679 22.025635611491516 -1.5896393596030862 31.04584751579136 -0.4915168847065403 64.8335845498071 0.2761040753896753 66.64731671000287 -2.0196382922860963 
55.85468343327443 -2.5281156372630593 21.421293574443688 -3.595137275231842 32.72200399115339 -2.2328601778436066 64.03510817168362 -2.0480613526680056 64.0766958167666 -2.698263689235465 
55.60158547316481 -3.9386525019814504 21.89593426493898 -2.7338307193437577 31.974152368957377 -3.6928412008616425 64.65119587092208 -2.236286951137621 65.96756064299711 -3.307835380622071 
56.059105750387474 -4.33213057502094 22.055231277237162 -3.891419740593242 32.651043348169615 -3.5118388137909506 64.59747180390956 -4.523022043706607 67.00086023168501 -4.647770874300803 
57.558521219367975 -2.096115995155103 23.707042045132834 -1.74296895576539 32.23372835048612 -1.2935414124744133 65.80783505771348 -0.9244838841191767 67.1650961313122 -2.2835114987820693 
56.23482269891442 -3.044318733217399 23.979848815396743 -2.202682994944464 31.400639452251966 -1.3714919810142465 64.2352075423523 -1.7626977262539434 65.50683726889363 -1.4341010425613192 
57.03496177054054 -4.12038493864395 23.818538391261697 -3.084508885108131 31.928745969199934 -2.912777193840237 65.04731982889886 -2.894082676213831 68.50414363404201 -3.3051015343169463 
58.44510078585214 -3.878923652031014 23.967753910584324 -3.203956748712192 32.02518992523249 -2.863016140437672 64.99456761901564 -1.720359350625357 69.58153134764589 -2.157050827903508 
57.754787827732315 -3.3037846655488217 25.23115240297626 -2.4799039620871395 33.05100708871189 -1.9850303954711812 65.09690536381892 -1.5723518079496521 66.16680638402032 -2.1752430325828964 
57.928426134653805 -2.9203582715598797 25.483567453673942 -3.2579650502909008 33.336247446296575 -2.3670400807787866 65.33359471979368 -2.2953717968877934 68.15213919810827 -2.5094776882316214 
58.991812121147824 -3.194758821037941 24.752058447037033 -2.8047173992334775 34.51020416163787 -1.2680709414293245 65.32126574892982 -1.4659852658797035 70.71793977141859 -3.0543528839892873 
59.23936628876965 -1.7655997001215251 25.629936724735614 -1.169141805790688 33.1960439066567 0.22769666006179734 65.35840376761304 0.31139151259809483 68.4774385106622 -1.5535361201370543 
58.760419332320545 -2.02061126955526 25.54645420131377 -2.257871204405456 33.65203146846846 -1.5544982087729882 64.38034510184994 -0.3290365281641633 69.41639051562282 -1.1223990257023198 
59.1648128039991 -2.0423462848958702 24.79089684790009 -1.664900333281933 32.5429267310619 -1.6466805247887297 65.26226013780877 -1.814522518507903 67.88586658373929 -1.2964149285543247 
58.50689597471402 -2.8201253357372353 25.47568834859868 -1.7022117135848962 32.27649687802884 -0.7082678488784907 63.27396746600898 -0.579132475487742 70.02543554942123 -1.364750325649099 
61.538664716236646 -3.021598630823389 23.88299156434619 -1.9941797188465493 31.938277308958995 -1.425315998824431 63.96784737419665 -1.2730034920021305 69.05048223309728 -1.2169847677401167 
61.23616135915248 -2.4632563821084816 26.045663359075704 -0.6293092126804952 31.78999935198765 -0.7520171491478896 63.80617368238075 -0.16464211890091435 68.28101856945314 -1.9844441737826066 
61.92660160851209 -2.829794310841706 24.61014142932944 -1.4675310077553263 30.929801737816444 -0.701311356921146 62.669716208338045 -1.0344926630951676 69.0797803190118 -1.7843639641096551 
61.98257769342059 -2.2048290454619455 25.86744287308645 -1.5779238950693426 32.78225326690655 -1.7909224591992297 62.78106921953268 -0.8752067552823409 68.45152513510848 -2.6290659364081757 
62.130384764361025 -2.2275404923598505 26.2807148335516 -1.924692038059548 31.32158715746019 -1.9605428146453847 61.68865553253897 -1.619944347504004 68.23990729303637 -0.8909772893174465 
62.67431422947882 -2.217747122546402 26.981239362070056 -2.538339525805297 31.067005010888114 -1.2560976922284732 61.70873581206401 -0.5002370385131562 69.7320955235676 -1.2529392988041526 
63.340854000441695 -2.3972673816747627 26.026391270455495 -2.3160810219150108 30.30137305443447 -1.0645272415852194 61.31570771043097 0.1536466782128878 70.0360703582871 -2.0503580211361943 
62.625095258951475 -2.936213451992965 26.88834506028866 -3.045837300718754 32.030992367501646 -2.717851012972435 62.13326332427153 -1.9078035011628331 68.48619121231668 -2.6823314578662822 
64.1985558663485 -2.763121100367412 27.382217816079756 -3.1546597459401555 32.21806384043955 -2.1524952897376473 61.61253078126965 -1.8064590739983737 69.86555340898063 -2.0751591654824435 
63.39149435677979 -3.6148630735057763 26.994280182844648 -2.6549221638474094 31.89818567537764 -1.2609503417423644 62.09123533368749 -1.9829020022350397 70.77057973913188 -2.8298032267027775 
63.59116309209403 -3.019634951396343 27.231908216000775 -3.6070432819535316 33.11356373286156 -2.2070855059795518 62.194056513505444 -1.7507722022284693 72.69986445788165 -3.254996234844057 
64.83697230318353 -3.558443068636585 27.54706610010978 -2.91710235589998 32.06777772768337 -2.462524428178461 62.47094398857863 -1.56366889499358 70.34856298857711 -2.6469197264119257 
65.33306398792496 -2.9771396393443865 28.143763807112812 -2.482660287786605 33.547571492796486 -2.1416277249239113 62.04356589207086 -2.3809852310513735 73.33966653144908 -2.659695052225352 
66.60718671438991 -4.733959691232525 30.080435134776582 -4.965832993750733 34.133817557312796 -3.8598596793507354 64.24285537514886 -4.373995396276398 73.82572509588252 -4.503281101954797 
66.42667014343641 -5.75277543198013 29.609799114551194 -4.033591366565209 35.46749289330836 -5.080498091917119 65.03894099939419 -3.5730730955189562 73.91291045387443 -4.543147099485643 
66.97306169104573 -5.714231776942536 30.12271225073668 -5.132249328814397 33.984501643541094 -4.963316196654076 64.10978386451538 -3.89210816160683 72.48015640303296 -4.895494579149625 
64.48423517072247 -1.9032723956215443 28.551614200871445 -0.21758014286959365 35.025249845290865 0.37995855291688674 63.98210031534602 0.4080778366796845 71.39743263806199 0.2289105157337643 
64.81777805057456 -1.2777861475257235 28.126712438823716 -0.9587041217928087 33.35416134910007 -0.5996893560194753 63.11846106664569 0.32564213256698604 72.60125054085714 -0.09324237490998794 
63.13161200533045 -5.656360554595881 27.781897403338863 -5.193141811080247 34.24529379513986 -4.324579659406434 62.95001483189397 -3.8907954745432023 71.47773659342738 -4.474802020628283 
63.09574756046279 -5.406497917757822 28.406560673995777 -4.080877552147813 33.89888870239464 -4.251102844285654 62.32515485803403 -3.4331652765484577 70.95689755824324 -5.376393627990541 
63.61565782340025 -4.840489849520841 27.79772861907786 -4.1979209080932955 33.26949823817136 -3.9469905685978572 62.62767610610714 -3.617599979848009 70.78999958895041 -4.514661002888756 
64.25073129698038 -4.812393202771991 28.099065383454057 -5.697351811960587 33.328826345374296 -4.654689847090646 64.01024347802542 -4.527221764330686 70.79879124777635 -4.436093960167935 
62.887503030293814 -5.370558902448365 28.195152256368484 -5.29363885175989 33.10352608134383 -3.7858254193018945 63.38993402694872 -4.039226980433572 70.22559400639862 -4.970498589983247 
64.58041053484426 -6.251973709290309 26.653088845410224 -4.153249190060545 33.374371971405616 -3.8062077667473644 64.20369866830855 -3.5739513050627965 72.2601294648995 -4.636601238404484 
63.77612624545204 -4.521695769538139 28.198670271495033 -4.685956395686329 34.741808633629965 -4.8901524607570055 65.8677398537869 -4.316312340384964 72.11010785914381 -4.646560702155393 
62.55259047051225 -5.445672158344536 28.17958608452379 -5.145382033177428 34.886907665914755 -4.105015181026914 63.743333843804784 -4.7295445411384005 72.46233010963759 -5.000267578689318 
62.722129676652415 -3.5770594098966635 25.881253199801733 -2.4701501357157722 34.78725941235463 -2.445637660531231 63.65971880551787 -1.233019241622876 70.55093886571403 -2.340030357743338 
62.87939151911538 -2.5454943557472207 27.135862208919093 -2.200090455188766 33.36073653303086 -2.855870961233414 65.45856938722531 -1.224722796098415 72.1034430815388 -1.910435102046012 
62.65201206987824 -1.9663883511854376 27.99181071797321 -3.166424942555408 34.03853515198136 -2.3085843978856633 64.37695568861778 -1.238808712916561 71.4957057500901 -1.7821323089549446 
64.2130407407935 -3.003440836446458 30.301822146624392 -2.646604234123712 34.60284444723786 -2.3627517787482883 64.53829401481995 -1.5988876147481423 71.14648655935613 -2.678743064044342 
63.46657871623449 -2.8603097178567776 29.59084898153282 -3.359653205531864 35.96168936145588 -2.1890042616589094 65.2221232225612 -2.1455022623261675 71.70122572945618 -2.2766586317583966 
65.27024581979803 -2.1939210517496517 28.604892615247486 -2.529311035524967 35.37419518334443 -1.9304739174043202 64.70153731599981 -1.916619384920156 72.95390877864361 -2.7047605981342904 
65.09815568458106 -2.946909895657921 28.903967549564282 -3.074693401638823 34.50301451258387 -2.925398025133925 64.63012146066036 -1.4601332840816188 73.36469943877238 -1.7367898102415187 
64.33591502492729 -3.2293339042511193 30.053586524615415 -3.112977035676373 35.46345879829339 -2.2281247785916074 64.56322935686636 -3.2791463053371768 72.96426148827747 -2.578188682587863 
65.93099011416473 -2.5005653935775785 29.411477941224305 -1.7203998258849926 35.37432758545478 -0.9612301904882314 64.59530194492628 -1.0314546273303056 74.25676512140795 -1.7727528655411597 
65.34779594340814 -3.1624905303372675 30.857052505293133 -1.628528817919967 35.55592507926315 -0.981590503634877 64.5993131975 -0.9320454107127831 74.84948829222796 -1.4582160850519936 
66.34149492555355 -1.5814745383934965 30.408769239248095 -1.5904664416010008 35.438351321275555 -0.31491216886546364 66.00200087816746 1.5139865434066364 75.50106483256928 -1.3666193767209884 
65.86155233388482 -1.7449070167318936 31.329819521505975 -1.0754099620123525 35.61696766466916 -0.4056588362434367 65.08970956720404 -0.28458676453906084 73.56200587763725 -0.9945950874460329 
66.75722956392009 -1.6353871202473445 29.75028931234987 -2.57343281281376 34.78293552550685 -1.8980885954300826 64.16612985725237 -0.5670852511386545 73.5561858339178 -1.0720375440236474 
66.50381674306874 -2.269387151212651 31.27023078031064 -1.5252233105316428 34.70495669733858 -0.7170532447335621 64.56423372539463 -0.6649046504705081 73.7349750821674 -1.4260083786811004 
65.12868558923668 -3.5095822199561786 28.32177313763772 -1.754879257288113 34.05322254781349 -1.4511531341643196 64.9846421337407 -0.4180553475226787 73.30328574587848 -1.8820892370038476 
66.33688973915352 -1.4682465238776787 30.89812470559405 -2.2390267649091973 35.55879229760522 -0.8810002174350892 64.01435182086276 -0.2488588825655752 72.69656977780917 -1.5583448508391307 
66.53223216569386 -1.5516744119672885 29.364496658726047 -1.3918180105255373 33.95829188129352 -0.5974263622117084 64.3832339965137 -0.7015605457654114 73.60513755876315 -0.36162515507633197 
65.76032890786436 -2.626249254290886 29.787141345545436 -2.0997637757280723 34.69020786479485 -1.025346683075258 62.72223780132876 -1.0494079432850376 73.05918637189282 -1.3517574935739916 
65.97030688639512 -1.5548550370117458 30.664235651275604 -1.4058031052093851 34.277135199057355 -1.1247739369603755 63.43366097618626 -0.30508655714368715 74.09447954179329 -1.057763137159509 
65.75779958805097 -2.247880805603012 30.256213215822495 -1.6294581851839804 34.33182560542402 -0.8283613409250477 62.75251081122961 -0.5752008760357449 73.70236692936687 -2.005436568853163 
66.02301972330986 -1.1015784887790652 29.855648813500025 -0.03260170092056369 34.03080011989039 -0.055054909956974596 62.58389005414556 -0.7785556468113961 72.85162946394067 -1.5109142906847155 
67.30782765798502 -1.9740772829683138 29.228781352474847 -2.13398317887901 33.162404800584305 -0.9944769017949959 63.99922122044517 -1.3516812930988589 72.96504043435127 -2.166537164183006 
66.7741261883295 -2.0338918429874417 30.462119098594584 -2.034006432669994 35.25610783743757 -1.8761235634716467 63.491771251101724 -1.3401489890398808 72.3992010414791 -1.2324676203945553 
68.26522373123525 -2.7273780733242257 31.217354676973706 -2.12890319725343 35.68069038669206 -1.519546476761275 62.931950884144314 -0.798770426086551 74.07315543134901 -1.2110096905308132 
66.58612883986353 -3.6091920494195753 30.64396123729847 -3.4868948541033844 33.85220628109331 -3.327397697719122 64.05897651691251 -2.038407425374241 72.93528723113879 -3.1089217989728777 
67.13708328838052 -3.529634679974917 30.82407619758465 -2.9183484685073475 34.858504896631686 -1.3241891262995216 64.39153823004533 -3.1291464045859247 75.12978764981057 -2.707931453466015 
68.50829330306513 -3.9363197771918976 34.67955835744066 -3.616895264196722 35.99759362471735 -3.1900827042947633 65.0874150516187 -2.078270814379977 74.9742638801801 -4.164953989569957 
69.1671645339302 -3.8075816478864954 34.08838720476502 -3.7905157890200414 36.24408950724228 -2.976694767051737 63.389642318805414 -3.0384658295668237 75.93889025271508 -3.437156326819599 
68.50679442984789 -4.487928291982587 33.8918665132039 -3.9048285511966334 35.894800271521234 -4.418315170701408 63.63961669615296 -3.684319720579491 74.92123749620079 -4.010267344634846 
70.52664713808714 -3.6063564692573085 32.67550094829115 -3.421290625917005 35.70169520680873 -2.8336255301281015 63.85332460648483 -1.7371703169982189 75.23183513316604 -3.9171435571689894 
69.2371448663503 -2.5296923222904466 32.04561134622455 -2.8263054449717178 35.71148654093181 -2.4016332098334736 63.003367035925436 -1.3883059416252415 76.6325186014081 -1.5587195419883886 
68.15297633159798 -2.990514253354846 32.825542746684114 -2.517013022559808 35.06171153045681 -0.9404889181515939 64.06519856328308 -0.784788860698632 74.53763867364103 -1.3148130158502767 
68.52486685396651 -2.072576870094715 31.77655868256533 -2.4280973541702395 35.779384240256995 -1.8915260097322948 63.88672311824947 -1.0272894219029414 73.0913139739148 -2.1701227756211745 
