101.69173346448216 -3.4782514904548227 17.392688928927402 -3.3141792530301 68.83644763605675 -3.812248845136771 47.78093614125101 -3.847854123491055 40.95132923639186 -1.9514666835753829 62.54779249025059 -1.209547402959593 81.67209249584492 -2.4859943669379074 20.775716763587315 -2.226604611369906 
103.27351995280198 -3.105036626621619 14.818584134944647 -3.115034843427109 68.38863012861813 -3.663870512363716 48.95905980149595 -4.459762233219262 41.763092781620585 -1.8913972955526543 61.55482612187707 -2.1904539882629486 81.44149649545106 -2.917253183164501 19.692180793492636 -3.1148353981241717 
102.36039468076592 -3.4699343371551445 14.710312726871772 -2.760619243379578 69.36550149434929 -2.5376946782327847 46.85260410728784 -4.723632922513341 41.497842801185826 -1.6403479551405027 61.57900033607409 -2.227981696910014 82.74492356366447 -2.6613785632386597 18.84578006813176 -2.8057445258154563 
101.43061876351962 -2.938105089317801 14.067309373045722 -2.4511169552455234 69.10150514181835 -3.0480444452412456 46.43340037564213 -3.7806710681071536 40.507641042772406 -0.8816248991700407 61.945117246583784 -1.0655496303104863 80.98295119408417 -1.9245610051745259 19.732538154384677 -2.4360073328008522 
101.68099908391483 -3.226982392808624 14.130879930217974 -3.420528696604889 69.52518518197628 -3.4240462258377877 47.539561991696594 -3.57453042878 39.551574816669614 -1.7169090757454493 61.417725663280976 -2.8555121992230834 80.80861509216749 -1.7440775062063307 18.363639255535457 -2.6881492961419635 
102.5343897834764 -3.255357285874096 13.511159836403412 -2.9742383572555045 68.44940426238524 -3.2821666644843868 46.99531491166806 -4.594082187662683 40.88098065323699 -1.9859628620146068 63.15909652681626 -3.009518158031195 79.54753861820254 -2.572818974795267 17.93387335798798 -2.3040861075531227 
101.1392851054745 -3.21052969856321 14.284486273864 -3.771218918334662 68.12337574864554 -3.7254473965632267 46.05491919394877 -4.095057472397229 40.66414167941148 -2.10266783162789 63.45034502340811 -1.476433153651989 80.12297537245792 -1.8545013978403868 17.41850131482675 -1.7753030032570625 
101.92794978512222 -1.7341226446356557 14.758149991408683 -2.6737137318543778 67.8754031732455 -2.1727405007210914 47.354888658407 -2.8727612640389273 42.56923425913908 -2.2701396953358604 61.306923103948876 -1.297823431432883 79.29220798901862 -2.3604149942113897 19.3915270884823 -1.0923283893739522 
100.80138952461692 -2.7245259002755366 14.226179388939077 -3.0716199223849534 68.45942226496939 -2.2591435223326983 47.78599966208543 -3.787942756293331 41.02395718594926 -1.3824686393353043 63.18581948022998 -1.4916531234216004 79.5047667488036 -2.741243716773014 19.29076336301839 -1.5885519028696804 
100.5939349462898 -1.9864973117920068 15.118981894169977 -1.7004106880004635 68.23574435338172 -2.6257417735495396 46.97360853250426 -4.329780151972758 40.89398308727158 -1.2746159142808433 62.43184045128592 -0.7808128650841729 79.1075890815874 -1.72457980788558 18.82260734240711 -1.7312931494708905 
101.31505535642606 -1.6047687016704166 13.84761604732008 -1.8117551833170353 66.91858376653937 -1.9861318405747392 46.055308186993315 -2.0013289662553078 40.366949356622726 -1.254390402495138 61.817948770530336 -0.5801616216444345 80.36189480746768 -1.9086301867525826 18.001455791811406 -1.2641714592570352 
101.92212668231498 -0.8439777308831267 14.642548708704116 -1.4484485092968997 67.48302297602808 -2.175029348728282 46.15734855239598 -2.9844002843674953 40.5663310162448 -0.7387782961049751 62.90962738755799 -1.3934475000804547 79.24444801006454 -1.3531745197820357 19.14289034761276 -1.0888335398954676 
99.60322266790808 -2.1918087372212565 12.501672484428262 -2.073739252195209 67.65223338408184 -2.0061613502525 45.977121743893754 -3.326420503523642 42.10540778479625 -0.6057307486492184 61.95787282824615 -0.9117207194251347 79.54604334549249 -1.0314307310729847 18.19864984892208 -0.8373893105560976 
102.11658491728174 -1.6883144859601809 13.69322303180347 -1.42458843498522 67.23138895045489 -2.433971175716878 45.70715594823484 -2.5836223571046677 39.779968927174956 0.05056062054647259 62.302628520539756 -1.5027262431435104 78.35210493845734 -1.6983661735951674 19.136566444073328 -2.3575939541796447 
100.09820685237338 -2.1571527954160894 13.299482132713928 -2.673152790691976 65.37620415896242 -1.8047938238325678 44.6026939584702 -3.247674526466405 41.12209372324824 -0.9948544137627758 63.33134338038951 -1.204316924153127 78.93211604032793 -0.6597087214452275 19.94428882875641 -1.3338735052181743 
101.29816904178365 -3.21803312778521 12.5002749938599 -2.3310981763069254 65.25113281074286 -2.619202591525964 44.05325099045101 -3.284335400608747 42.335821523659526 -1.203415225093445 63.1247242250324 -1.5617285693778011 79.5554590553876 -2.5978716797701127 19.22130579490145 -1.1102085140084963 
99.14964449693551 -2.1599807356453113 12.805717353772742 -1.465035096541668 66.57824236575182 -2.1930299097767416 43.91865580440701 -3.3018588710925716 41.72964749286566 -0.814321433253828 64.09167720678565 -0.6672146450051804 78.70631181770001 -2.5626379110202344 19.718197994397794 -1.3056010077623805 
100.27512015472317 -1.8956383013591163 14.197115982658664 -2.2812457400337833 66.03804884463239 -2.489757184333799 44.1106631374606 -2.6949515417713967 42.80526916600137 -0.943993473911512 62.53445125864934 -0.7186232922427633 79.3685113701977 -1.840615227610863 18.014621413721574 0.31094922136375147 
101.09411715129318 -2.5774298025277744 12.66444187863899 -1.6658385374329692 65.99979191987816 -2.0875433867757875 44.79592791363228 -3.5897713787001857 42.905374220214206 -1.466060404229107 63.80736118712224 -1.101814844960105 79.11840585874265 -1.0951426721071542 19.659796706073642 -0.8829559879313037 
99.96989482024439 -2.3015850416287194 12.469569416930952 -2.535185704525387 67.22109943800187 -1.8904324813990951 43.41321938541119 -3.340880525839945 41.06063746884221 -0.016102448314658013 63.47930076491202 -1.167636846191885 78.59781847962002 -1.7195104027340748 19.598561186136227 -0.3824590374590686 
100.74105846113883 -2.3597747166617835 11.93415091874951 -2.2386633200315003 65.83985260230398 -3.0592325455960045 43.09344430556182 -3.6299078911573854 42.3248569832627 -1.6244228956808122 63.96630325362451 -2.028107683441321 79.2040117601727 -2.8982391556182425 19.0071390916189 -1.0340575339395244 
98.95124095912433 -2.209945353926129 12.651553636331247 -2.567235504180719 64.68270672534801 -2.218296742445234 42.87715401150762 -3.690168573975204 42.5518378084507 -2.246769296233695 63.00053363553051 -2.225741393718811 80.01329646717836 -3.20155087956781 20.034375837404536 -1.1881924453151167 
98.214496037402 -2.661667379440161 12.973958579793463 -2.3823912607726596 65.56973513632089 -2.0787134364015474 42.527659655139566 -3.9109963508506507 41.140699902041646 -2.099373999166788 65.2718899419652 -2.2356180043193237 78.74202184746517 -2.7839951838748553 20.22796009052469 -2.168121271693369 
100.39366410556116 -2.37683391444373 13.345103254620874 -2.2305724365703044 65.20897033686089 -2.5169153019417454 44.00074327129002 -4.051021028003541 43.95859652227208 -2.0775447394242055 64.04785713668505 -2.07151191890384 80.75767498566124 -3.661686097839552 21.041395334097913 -2.6150697463904633 
99.58818197379713 -2.5916691585775014 13.67792476283356 -2.8171348991260556 64.05144519598484 -3.137390209492486 43.374369880967045 -3.354884067650114 43.376636593768865 -2.4310633036969893 62.57332561421223 -3.071350455596943 79.83980328427069 -3.2708379630356212 18.753920455812917 -3.5780538260480546 
98.68169736457392 -3.5784164612476332 12.09599701574053 -4.14185766477185 65.84266836105905 -4.270076910357464 43.520949986928166 -4.850977772927268 44.109085528184885 -3.316038534015287 64.20989315712212 -3.19638919680291 79.14524110448977 -2.4799201213016566 20.44594022274152 -3.2990763899525417 
101.12491770044024 -3.399335755728263 13.510111122404147 -2.912370330586667 64.23998687455048 -3.0519304018541846 41.49985862774363 -3.8188459008105946 42.39432522310325 -1.9910173737443977 64.98586310130234 -2.2811789586099827 79.52516605620012 -2.890166935052089 20.106571503909617 -2.9533196809221316 
101.48982115396284 -2.025340913826042 13.078566805661605 -3.5620516144030043 66.68556466373147 -2.8320333044271466 42.47657146710091 -3.7074698708550877 44.0325716725325 -2.0253081172712757 63.72891059225427 -2.2422929765865858 79.94164878317494 -2.8848347876311533 18.96001644543803 -1.619568764099195 
101.38049358681508 -0.6933041068666966 14.782033866401731 -0.8376875131061539 67.41900474678997 -1.4490502372019733 43.48166987402865 -2.0431988307094673 43.221581036349825 0.2382939086709085 64.10347399394446 0.2840601130431486 79.68990248997903 -0.5702937474275498 20.830587017995043 0.5678982800473042 
99.13382955492563 -0.539517703357252 12.36446042062599 -0.15850596063647743 65.86939572590994 -1.5065733807530268 43.34268761100636 -1.508131858814903 41.95948945318041 0.3563581312735352 63.19672154945789 1.757214517603915 79.37798536093645 0.13525913773216353 20.618417782409917 0.1732532087619414 
99.39966210856143 -0.19869481293568314 11.93733883943221 -0.1720449148835622 65.63629864130557 0.06202425634294029 43.04967082395948 -1.5690705237808769 40.61733022355251 0.4364360352029337 64.17704166062127 1.0019197629091179 78.5210233584786 -0.30049897252856644 17.88013584093113 0.5597621994984074 
100.0803214913993 -1.047301783851834 11.418978873101945 0.012939033389835597 65.50867833814729 -0.5417823993365875 44.65403328884941 -2.2330253427633893 41.102396415636214 0.2324059162832976 63.1633585772736 -1.1801743161291571 78.10564334357501 -0.833362379568641 18.577087840805934 -0.2382761264888895 
99.75229348846541 -1.8029538086099517 11.695663608496739 -1.4105790260473539 64.91894288568034 -1.7109397028202273 44.45749000120913 -2.197369796567686 40.20552850676494 -0.1901371495317304 62.32129329636039 0.4602652202060923 77.89997452727984 -0.6412512530016561 17.849597147265516 -0.2174093143968459 
98.50757526528824 -1.2699935182783957 12.902298605140016 -1.3609480036627895 66.21337175398672 -1.1918414074631691 42.68697782986131 -2.4639891422223905 40.66949370950681 0.05211902822809228 63.415233316027106 0.2144926136172382 77.8321438494474 -0.5986969297430429 16.95554820286686 -0.3927398273022351 
97.52670974870546 -0.6961326787841249 11.211433261437834 0.01951530304650073 65.45014439033532 -0.9811668271190429 45.6573956564005 -1.7049527764942105 40.6586260541665 0.15208863217450358 60.64693350481838 0.15799415580818058 76.77089687532724 0.6913986293554859 16.795020521749773 -0.6372782489978068 
98.35138276770499 -0.5266276949629524 12.051117444032252 -0.14318344116236303 63.610605877093484 0.14968115736933008 45.22695859676981 -0.887924062939627 39.355482113451544 1.623459095276751 62.01676154490159 0.2710099742147833 77.56705577665223 0.2808345990920291 15.787332699199435 0.6439957343499418 
97.23618618206989 0.15770859669855083 9.880344879821955 0.4669254089441656 64.0320169908751 -1.134470356108349 44.49797050737474 -2.247867678075747 39.152325441485615 0.7888702574276413 60.181736718449166 0.5817824199637558 74.33545575096248 0.5246400741955635 17.173865837289714 0.5809633257167615 
98.70110333122143 -0.7503490100216423 9.172087574450511 0.3778193059915166 62.998741180091486 -1.4421058957991941 44.64084949039477 -0.5457643014660689 38.86286850585201 1.9903370157646734 59.40204798151653 0.5901627783822871 75.57967704487596 0.671384527512037 14.615693619394008 0.5858245811229954 
95.16801085671148 -0.9811756611016582 8.938980465373795 -0.006786087219421755 62.66102629339604 -1.4588365239812138 43.88487718364295 -1.7031098451555287 39.49740562838682 -0.04300277326395946 59.154370451535634 0.20585721488210712 74.9313479038665 -1.1689004145145865 15.083155128423677 0.21425925087484693 
96.97638961658426 -0.34404783129412414 9.24780954455995 -0.5070589957788337 62.412824544950674 -1.5118775718323563 43.30946022427908 -2.1277463423352825 38.8884275659058 -0.05822591663750332 59.603090556893704 0.15156230407709376 75.35730038568018 -0.41950078416428194 15.101376533080638 0.036978420574683646 
95.4465198956197 -0.42819207126809306 9.643575628131552 -0.22620113306653236 63.294216463813406 -1.1565939173885278 43.77376377728568 -1.36560468125367 37.238324967821626 0.708951484375672 60.08362951086687 0.35857917784055926 74.94114601333628 0.11161379771543345 14.838375058331359 1.2546136827335634 
94.33548787946373 -2.021492460822873 7.726234870614175 -0.43914299513277505 61.605994591944835 -0.6814725738528784 45.7679763613535 -2.7005316069293817 38.82940733925202 0.2531871576584999 59.09231061877739 0.652081195156831 73.96458145921385 -0.4307972335182096 14.072883862093848 0.6857633396351359 
96.0701284712432 -0.4735343639039182 7.647485399636699 0.19988345672650232 62.454948840966814 -1.1424150505356696 43.45469694662397 -2.0465268865611375 36.654929522360945 1.1581721384712056 57.94914913843429 -0.005239062561668728 72.88175042833183 -0.11392094023056368 13.305063689611812 0.32454766547227404 
95.06261574633336 -0.13700984305638442 6.9442106792456135 -0.04879184443544177 62.395008295630376 -1.674898393131437 45.68495049901749 -2.3345569320925947 37.01612210641927 0.15516605275869128 57.47895585730809 0.8530807397007684 73.04546720371117 0.09731865189302402 12.590199391031597 0.11194472145422538 
94.04174181800802 -0.672609417906225 6.477408655657297 -0.8895123749370921 60.94730686939998 -0.9493342387764141 45.89724374641302 -1.400093978024625 35.65736974721608 0.5715080124717365 58.55091860457143 0.2868040250731191 73.3127006284147 0.031128129381685465 14.243418427171907 -0.1855950189839451 
94.07161522493828 -1.1881846054238445 5.765450409746025 -1.352651878134643 61.52582928653409 -1.6825225920238451 43.84608316460099 -2.1251581053891773 36.404130515912605 0.38886187805330386 57.695665617272866 -0.5716129425754883 74.04002261486416 -0.2569901024670551 12.851931307919655 -0.06463431170893119 
93.72914586488834 -2.8417786195719894 7.2199660146656734 -2.7323241488447256 61.26916208399903 -3.9262499386776444 45.711347102844165 -3.8822152100076006 36.15304466755602 -2.2037964419600415 56.50010487804528 -2.3881220907761973 73.18416304260384 -2.910423770060812 13.643807346214414 -2.6769387327093237 
94.55151493027267 -3.304009476718947 8.141315160239104 -3.617502889434594 61.60364930300872 -4.062403576489679 43.403640852417695 -4.17655562388329 35.34306465367786 -2.147969071851466 56.76854269166304 -2.529416066439184 71.84423951616009 -2.1636042205333204 12.584212085455492 -2.002730861675865 
95.47005591051092 -2.5065969996887234 6.568476279910394 -3.0757710745597016 62.838392209602844 -2.9736724657793636 45.336578696833385 -4.183667094607611 35.525439722715035 -2.7161593641243744 57.77398362421077 -2.187015397721192 74.79287083846933 -3.0622461905124583 13.506365069189421 -2.2039867510765543 
95.32800272667725 -2.971840223628101 7.886780011248641 -3.1558871419292203 64.72015533410058 -3.533998744604199 46.02983916750019 -3.5348247719538306 36.735763584189584 -1.9037273862204922 56.92699451361197 -2.5156448331377423 72.55617827579609 -3.7299621256253697 13.950893284749792 -2.2186016512736835 
95.62811199221983 -3.7072430372041243 8.306164364558805 -3.15301255057735 63.0404785574256 -4.222449046346359 45.767789287965925 -4.96749635635482 37.9740728745452 -2.4884592096079863 57.698186152693324 -2.8713115101934297 73.68498440502589 -2.409515493075858 14.059341705542069 -1.919615292228662 
96.63016774485651 -2.3471746494097587 9.044530115627278 -2.9210429751543514 62.48418904657473 -4.2544760750055906 44.38333065104695 -5.379393369214156 37.343075242122886 -2.150222945980392 56.61540634301385 -1.8424675133722004 73.32770962560606 -3.652235084112232 13.585368387633876 -3.7306533300094125 
96.71862114910837 0.9632703475697515 9.975249342567903 2.224247491383202 64.30939329118686 1.562143170161945 46.61738398460255 0.716501568702203 37.92704139148347 2.9117318111875456 59.44314538332781 2.5654287387773076 75.400264114029 1.9860765445757294 15.60392614485493 2.2654895233829166 
97.82447594274561 1.89575163243105 9.183767625709288 0.9500310810304251 64.1617974054365 2.129512846522677 45.034144369423366 1.4704098383573236 37.822723587685076 3.716148789505329 59.75967378123299 2.5881468887782915 74.99536847216069 2.1221768161416295 15.425256266492068 3.108581185673442 
97.06166748267071 -3.869599839951445 10.546690818732985 -3.354544756775751 63.75903517061627 -4.244388336455722 44.67045265958655 -5.354884890138408 38.3363573849927 -3.1268789221580793 59.39548702420309 -3.736517028077633 75.86387248051408 -3.305310685125449 14.996898404329805 -3.153909690868821 
96.427755949691 -4.233472462056902 9.18781874087735 -3.0526834987481415 63.248999227352215 -2.957279275213142 44.50076617382426 -3.800800703571513 38.555670916687504 -2.0985608318040594 57.45277045276015 -2.502212047961667 74.9667773715298 -3.316355845722554 15.431393504904426 -1.7810394479809948 
98.5450503635719 -2.03225403048497 10.440744551926649 -2.469499631520743 63.83766835344583 -2.1471117843854026 44.54559304343801 -2.7216628611706692 38.363221430873395 -1.4582076918092375 58.30807703904121 -1.2535205030174226 75.84353363033071 -1.824785509360095 15.285501120173022 -0.4199474152828323 
98.48099691604122 -1.383134843784429 10.468372862175503 -1.9947264584639908 64.52952041762506 -2.5117122200704607 45.64540589597883 -3.026776671145998 38.07710154988232 -0.7838577279954595 59.349956247770905 -1.4291082150225103 74.66965922560121 -1.8735558654959183 14.349495357901995 -1.199525404005482 
97.52753147919734 -1.817033604135249 10.43547007156751 -1.8674049390590914 64.8133445929222 -3.2028715140845767 45.944699852698726 -2.4864467051878556 36.59712540796866 -0.17294337130444654 58.86123801113821 -0.44252778854175645 75.29633785327836 -1.1709754943676431 15.790332331882313 0.41453247972194607 
98.06581208489932 -1.8750943600438226 10.265257226512265 -2.0148343611479573 65.70429165680274 -1.4906904251934765 46.278390361259994 -2.363321369014996 37.57551443736283 -0.051298887587945596 59.03565989554435 -0.6996086922133206 75.33863963552776 -1.0105693868421806 13.773546261749008 -0.9718541474067097 
97.2516049768768 -2.969943026267307 10.364092948904949 -3.3018244747014016 66.20795236405304 -2.8853939419236485 47.64721605687552 -3.053224169402518 36.6895598987519 -2.4729635227290583 56.98359568089478 -1.440720669063716 74.38991143011391 -2.7527419669709356 13.516225227219698 -2.2403539166399953 
97.07628514355491 -2.423597016106178 11.49627145024548 -2.4404654339175305 65.92053969885495 -2.8688467407021014 49.91447996028497 -4.3698232515501445 36.27143203203009 -2.212465785837371 56.82689195992792 -1.262948714998898 75.6848041812694 -2.4442900289332696 12.735271929721685 -1.7316072271344187 
99.70739266160452 -2.3346038197478327 10.838356390049796 -2.3884543853183304 66.18997789418597 -3.2087001245707985 48.06981264214602 -3.543830956489987 35.65709950442982 -1.169011382460684 56.86461740874031 -1.8513239784050566 74.79426598879174 -2.06429556638919 13.776256706567894 -1.255247624168049 
100.09236371353953 -2.20723270256886 12.78319278339014 -3.194878083174273 67.42418623591828 -3.076919654571776 49.110422862343825 -4.437513733289429 35.10963064972838 -1.1968833790935383 57.47888572048857 -1.8439574345984049 76.49285792261223 -2.2381325867577972 14.941774015777762 -1.732807422561951 
99.92950427850346 -3.057301672590185 14.121377430131533 -3.2063621593400864 68.3336332687712 -3.840620305355062 50.668732950383564 -4.048854163431991 36.21175743925044 -1.7965420164790007 58.74181318250529 -2.7480857115552184 75.13837866145386 -2.3305333679072926 15.77531673502796 -2.376289757027106 
99.38636463218695 -2.890160065483556 13.2684063531518 -2.7636090127103854 68.96272072431641 -3.983240513839677 50.394476579362106 -4.912383044775409 37.12303575161961 -1.7249737809891585 57.793597075578866 -2.6046449760389034 76.66310339094052 -2.6337226365979913 15.262022390597892 -1.9397584102133183 
101.24110363906728 -3.4283873934159694 14.023323166057128 -2.7912081707160565 69.95301874703608 -4.043346467962101 50.8516242275129 -4.156386853385572 36.39855464806848 -2.016541082303082 57.69660619313582 -1.8580434437834654 77.45191021620867 -3.372985575760931 14.913447200573161 -2.459644101995952 
102.30643366717679 -3.4040238425949467 15.729357330768975 -3.261058549698925 69.92837379950828 -2.4512227731764176 50.51311134795038 -3.0872585654136735 36.817358993110275 -3.167858955089433 58.346477251698644 -1.79779415584075 78.15888493162905 -3.0085190627690532 16.033448669399995 -2.375543876189892 
101.42075337990383 -3.3675082867816792 15.592862698925153 -3.454460341037951 71.22557687333264 -3.3900588058826018 52.16447643929208 -3.9622458160467198 36.795427853771436 -1.5979336639015347 57.29917905835241 -1.9089370864740458 78.43090611785058 -1.6303511244132145 17.523359384755633 -2.9187645918413083 
102.93236983014711 -3.0019234812773212 16.348186163771715 -2.9197737120054787 71.17893015946578 -2.9777198766108652 51.65721044096786 -4.435076591032057 37.98667554814636 -1.6069081414692656 57.565039798166 -1.5003417701157786 79.13157859292032 -3.378757816602308 16.19310536860958 -1.994512278721431 
102.03574338345602 -2.8215623614551935 17.45591861767193 -3.3000839052809905 72.68989005889341 -3.1240589874668903 52.65134512346866 -3.056467312557988 37.64528237127308 -1.613126315420784 60.336035028103694 -2.2182180140303203 79.37502792460714 -2.9791048861970237 16.534782757244656 -2.0051514409912103 
104.75556258274214 1.9731125131868772 17.681452954896503 1.7072981791968083 72.72643057813276 1.3890613850960065 53.11907969626524 1.7383094930208913 37.85165883710047 2.2949764520100895 61.97699251967624 3.0535949543174605 80.35775574110625 2.645142904658948 19.564828740010114 2.420767342834695 
103.52030909806217 3.009870723938177 16.951383337574505 2.144040833224044 72.53917273350221 1.624588966272552 50.99564819244713 1.1915454591276662 38.95337899595737 3.2891368258046403 59.311412635105356 3.2860344944600444 79.84551447538192 1.77750695594513 17.70306566296622 2.347256337321103 
105.16209873462458 1.5261977497254615 18.11396010680999 2.3424706800645207 72.02034724051713 1.6449880639011527 52.28758372079307 0.7218865159172952 38.24494908898634 3.5237178673115217 58.87494656079386 2.3548531605516003 80.4084388536659 1.9491757836852575 18.63741083802135 2.9424912485833095 
104.50517700961548 1.6518279083732816 17.565210643882676 1.6927012190067607 72.02976342511032 1.8900970826020909 52.916575871342445 0.7717422876563084 38.523990465572204 3.2195938284669623 59.76944384185718 2.4322789335172894 79.72197787982594 2.1906141717916308 18.907647904847508 1.0890872901898458 
103.51422008400647 -2.2461457836288923 17.420893558646597 -1.5402195142110633 72.98233329167535 -0.7542341903567746 53.005822343092284 -3.4600317929146605 38.67730642037843 -0.006931650934480782 59.47861491140842 0.0016635329595949822 79.89174684389654 -1.1868069677807218 18.933303049328433 -1.026315216518519 
104.94739545230603 -1.133666748067427 17.59841617866568 -2.0137050171847135 72.94913302398132 -1.9064574476313116 52.81677503650208 -2.076549107966536 37.6713644108303 -2.472137352680784 59.35095874144992 -0.703111813040119 81.13715113126428 -1.0922358415229634 18.948837307960073 -1.015836072802075 
103.64445884605468 1.7614402875730155 16.902263136054316 2.006131946186669 72.98282470529537 1.0821618235983435 52.08076926052422 0.828245444960274 39.32756065222441 2.157017784918422 60.153052631313265 3.202191672557025 80.40207357726327 2.7638568622098343 18.88342086766419 2.774126505427292 
103.40596153833732 2.7801632587733875 16.694526380421117 2.188322049815107 72.27231013801567 -0.2747963926576089 52.53098535534039 1.6597816683522542 38.41650794499726 2.4036895758257364 59.3332394795285 2.16139790913539 80.07741633783291 3.028612446308931 17.106349036190554 2.8151927756472768 
103.93047773609428 1.1656557587112086 16.450943989911405 1.2138976742976721 73.43394798830052 0.7617974820654594 52.86877654024595 0.14104124897543102 36.859104942449825 1.8213358412714897 60.18412666677048 1.510850128557066 81.41200432908694 1.6432010856122572 20.151718872242924 2.1946761278978344 
103.3047957888064 1.6583981742671368 17.803231433885877 0.6439826641673455 71.3405927372952 0.8130834860892193 52.00050507144876 -0.07339466093618946 38.207947782059804 1.8925056677629617 59.71913807737091 2.027065312257435 79.61440215153571 0.6747809110958071 19.028851669612067 1.5011406241077467 
102.87224034119524 1.2840900359656209 16.026197587127402 1.045782656310389 71.55720271327102 1.6158389744048585 52.21195014184364 0.8699350167554007 39.31576587200155 2.356512745132634 61.34917400128161 2.128038120419054 80.29876930466898 1.7751511814506444 17.652834377495438 1.7345067649295658 
102.44679329540861 1.7260747846494773 15.499586978691095 1.8419047568174967 71.22227100283831 1.58078086241686 50.72212403023084 0.7807868800308873 39.31427317040444 2.4778193789974927 62.51743926447817 2.4209513563260554 81.41365085611034 1.605083455737772 19.143793019030173 1.8208304341437425 
103.21808127816567 2.7221672119636526 15.958020176066215 1.3651116149594862 69.60650397704848 2.1424780799060024 50.33925191449798 0.683599060002177 39.79217337463815 2.390880048392794 61.454746642050196 1.7521189029281667 80.4393401093043 1.5258648932201995 19.331849705933948 1.6624061020251408 
103.18997750766016 1.9469113839376255 15.412262338472582 1.9250192386374194 69.92386647148456 1.587193499125232 48.11372358574712 1.5778466543263443 40.83624114082483 1.980355653554257 63.49116882617389 2.5135203011748404 81.44260636893051 1.8608770784286663 20.038273350829314 2.774200160478731 
104.02881361288641 2.6507869271971742 16.367040573694233 1.9859707288714472 69.31887850643068 1.3705564108060508 49.06916088711398 -0.12005511435503691 42.1028051972976 2.2733693820349807 63.17551358338517 2.1988851363232724 81.58014935817324 2.747105447104526 19.91537946878983 2.1727299947429892 
103.20452212959432 0.6878415626371871 17.003667240166706 1.7425207974840855 71.69475846271897 1.2347589354554402 49.44542682501831 0.9727747612663802 42.20021788342088 2.512669482840352 63.60183103096741 2.4003718146762965 80.47789223203695 2.0329076426577406 20.978985345651346 2.2744707957956662 
104.14327737225749 1.8845544981517568 17.42438108184619 1.1551765595825356 70.6684531345245 1.783320191295278 47.98607607111538 0.5562972521300592 41.822211415389496 2.772742360757534 62.65788903192822 3.697946018488329 81.3743728177245 1.8895352011924598 21.341308012089094 2.4280534341584956 
104.23959838348762 2.649668614118684 17.22006352102202 2.364137018452054 69.41085936143357 1.526993368496611 47.67661602682034 0.942670690399524 42.287276275240885 2.9651842136974467 62.389975916500724 3.0225537242613973 82.09832145839273 2.982658098815143 19.897337643405642 2.5106779823989864 
102.78802507447928 1.931867132667358 15.961997075604762 1.5583930079390047 70.54045341728867 0.8984104521772007 48.3670046890187 1.0560171922376063 42.710776679674886 2.9642665392830927 63.626965329645046 2.7455962737262105 80.93285057418116 2.243496811074569 19.22182211878065 1.9618393890882033 
104.74165335029768 1.799458693894938 15.041582743201808 3.051753461385699 70.04371483851294 1.79321849009812 47.639381709151635 0.631466719462255 42.02994454834856 2.64264168293134 62.64780953284695 3.2823039741775926 81.80878089415305 2.5980459489113 20.503385701566547 2.757424751243439 
103.40435991707928 1.4361285952425715 16.49203943448016 0.05696340248143095 70.2615607913131 0.9135668757469787 46.50241752987266 0.48751554943370734 42.815069678828685 2.580577591931671 64.77904293704776 3.358971876814743 83.47756930373424 0.8995295597852855 21.17654619780687 2.1283702723570523 
104.65472781376629 1.6186847804981297 14.975475229656032 2.3446315211969506 69.42178946915087 0.6606124187828433 46.497354133024466 -0.4169032538816436 43.2258905936798 1.8702590047183958 63.90871828829755 1.4266252283385612 81.36130669869037 2.2936722495847786 21.16587817973426 1.9960225625675645 
104.91173911340613 1.7545474927007156 16.186841600159934 1.1719131904205302 69.68719102742992 1.1421758018671087 46.25336756733668 0.674404032099841 42.93506082043862 1.7850579943861775 62.73980108260154 1.9875491849827078 82.89455344793953 1.6285827570722313 19.879551998261856 2.4614268648467834 
102.90280130705246 1.1099777663944823 14.885714757391222 0.8515287460802493 69.02741349915642 0.35624698157260554 46.799966509490424 0.043902953713312654 42.84865494001738 1.8606588825559458 65.06430507348756 0.9269146148094586 81.79027412870978 1.317330198800273 21.232994028183796 1.8419062793328695 
101.29668171830426 1.1524974783795512 17.887491477644488 1.2752245641661872 68.48084948815654 1.594362739062325 45.95206474515291 -0.6970029580468744 42.25604045552607 2.070834893098746 64.36744608705258 2.334310138005419 83.74442784671616 1.5028882033262636 22.007361127730142 1.0667866945380622 
101.65895472842789 0.34742458607486565 14.460487209395147 1.1799036528465479 68.3475227415837 0.47020140994878656 44.87741317844571 0.009366388692568284 42.834818304525335 1.562797955697962 65.22200210515027 1.4719840770405332 81.89844287951738 1.2084864394954753 23.05885842848876 0.7832072163287382 
102.25707943053867 -0.16630431472011864 17.359827066698113 0.24022365538458246 67.75134800828346 -0.11567698030592971 44.66222365238435 -0.7301362663075929 42.73421025477691 0.6381354178822504 66.17123039942426 1.1491179913062965 81.37363027494158 1.5027779583957188 22.353329690533233 1.1011098590262423 
100.57822894755446 0.846431753394168 14.846541076087904 0.9321846816766458 65.90480783812933 0.4414131092017062 44.30081824421034 -0.7900648267459398 44.61259453121563 2.6711985713389508 64.67018124813339 1.3797775962892638 79.94047141238227 1.292558402490542 21.212038509465078 1.136767542649942 
101.81408809696175 0.2886483712545161 14.534351794108616 0.4775404044509269 67.4335386305399 0.27427978062359043 44.64728841835471 -0.6283189443623363 43.89152060684738 1.2206541769335977 64.84441308911258 1.4423959486054245 80.42033961524501 -0.22123570489929922 22.498162266293733 0.4392688381043057 
99.8867730917629 1.1666845755438824 14.06394875159613 1.5248882979007006 65.28330365913611 0.06086983459108897 42.46499283088632 -0.2329264205326972 44.13213813563847 0.9513531190390038 64.68521162926815 -0.8462653272215676 80.5363244845375 0.8426409600073276 20.740668835545858 1.045227525947577 
99.89660428715115 -1.9623977429416475 13.971485212513008 -1.6693809295100743 64.67318775460878 -2.682009252637557 43.90300337703409 -2.79199857580685 41.96944807420065 -1.2812894415993001 62.984638140171946 -1.108321848751919 79.29796590411549 -1.803079499791292 17.71337341614953 -0.847514362539701 
100.25242620627056 -1.0833186854157613 14.008551602443857 -1.9219688108943092 65.49497684583885 -1.232477875790735 45.02380062687957 -2.9714756060208836 41.44876452208121 0.5517734857088361 62.78871160596834 -0.01832216145361243 78.86970110925547 -0.8382194381979159 18.799098249970406 -0.45186424927195423 
98.91314911369588 -1.5845294237793315 13.5145430218378 -1.4949392054401924 65.4695406144547 -0.9039510112016527 45.07228528231993 -2.2507695970678343 41.876235517370745 -1.2339365050588058 62.09160179777173 0.2610837864497223 78.21062397318715 -0.9615650738044318 19.040463908606952 -1.2539450188852368 
100.50559143683525 -1.8105142468884245 12.837724349062228 -1.46175702561406 66.9521463140076 -2.3573788176960457 45.61605069359977 -2.881857649625592 41.61758962602097 -0.19595275069543194 61.61587550631694 -0.3501980202587744 79.178439759838 -1.0470407359454348 18.134900349393117 -1.153418480731856 
100.80728919350047 -1.6304946918534835 13.125184758797092 -1.0499453959265779 67.14147456135066 -2.7224306505996827 46.15167092438424 -3.5943817577506003 40.16642371953193 -0.08663886257945813 59.781045778205595 -1.2837021616532094 78.80336601428075 -0.5968064982880561 17.254334918019232 -0.8363612050968847 
100.06393109407135 -3.1015259377675983 11.906962436992286 -2.470480391081912 66.4083374041231 -2.45286781347109 46.88987937343077 -3.3884114367928313 41.49055522660435 -0.9206863785886812 60.307969281152694 -1.8984147490585215 78.53920274090599 -1.110754349475945 17.67229921744073 -1.9145068060910784 
100.60762071174034 -2.529251853394369 13.346765520414468 -2.3257425296386325 67.56687306112127 -2.754033139697331 48.14655131682205 -2.5946298444765254 39.551088698822745 -1.0829867585896111 60.36725081215943 -1.6155434711563472 78.13811887080183 -2.7919319116218757 18.138860681640015 -2.8260597687902003 
101.12359314055398 -1.8803188169431069 14.03358009825382 -2.546866589062229 69.1093915674451 -3.202906955450896 48.18810490136081 -2.962645547303439 39.89843075387468 -1.693514261352145 60.71336457983725 -1.097682471898088 80.36885672829855 -2.6370786478076136 17.48147360628438 -1.084908422535449 
102.29557253565528 -3.0969815899634314 13.735360577115628 -2.2964657731670353 68.83996746085789 -2.7844781743941986 47.64998038814108 -3.625740540721854 40.07735013021496 -1.1114194946203482 60.56151608067449 -1.6917900512239883 78.94677765033487 -2.3125609784609673 18.475514036761364 -1.4664706382378911 
101.28384720170436 -3.5416974483645 17.28322316363208 -2.784795535388495 67.3451047283835 -2.3350239212032458 47.57074780463267 -4.14216728369432 40.577420698405504 -2.102480005716531 59.951433383638204 -1.4620744827181884 79.78396445906036 -2.766270125329967 18.442774439151368 -2.792138625073772 
102.18917213358786 -3.539801579132689 16.254343238643866 -2.4800838515345025 70.02629911656003 -2.620437486326435 48.217494243923106 -4.973568740419611 40.945090637759264 -2.484122957518216 61.63113014134173 -1.7508815566949014 80.09994533584454 -2.8848024413081874 18.909864634152505 -1.7337560783918937 
102.65161204464582 -2.901792786912861 15.133553079821871 -2.7643258854781365 70.7255829599087 -2.6014050369696116 48.592327545851184 -3.589443377272474 40.492965392059126 -3.1056775209269896 61.93609256414535 -2.78277158190021 79.59947614108282 -2.7968504621402723 18.77582026084644 -2.175434306574101 
103.56224085744034 -2.3360265262807833 14.885747257340917 -2.1007255743962365 70.43065530161527 -3.2051542403071602 49.04172116341655 -2.8927260165668773 40.466147947956216 -1.6176607362418358 59.48012938519588 -0.9398901077368793 81.25239831675793 -1.6859474954058038 19.33880013775492 -1.8208999457466528 
104.31301694551136 -2.0953624406068516 17.435200361519392 -2.704855160867795 70.46546528415747 -1.778032157873386 51.08727050362594 -2.439613043674682 39.10025978125349 0.4491948352689321 61.342667428396595 -0.8974973834069261 79.92213427750492 -2.2680784406913426 19.216097904586366 -1.0810267731198895 
104.02175311514274 -0.7874762379969781 15.679156652352306 -1.2844203420511864 71.76102841010598 -2.061277516784987 51.69694133771314 -2.6732231830737554 39.70997627094066 -0.8100231929291544 61.0545848336961 -0.6562297482973164 79.99189151903202 -1.6937453163956961 19.05587434944122 -1.065836428592871 
103.03059971244713 -2.344217971844435 16.915729367984884 -3.097284226122637 71.35825648339096 -1.9990374125337154 51.053716275440124 -2.3541641524543495 39.39811718779866 0.11104740324494089 59.834824911989934 -1.048127460958642 80.8527781704617 -2.0244020271737853 18.602192711534084 -1.3841246081999137 
102.91395569291295 -0.6984388915324319 15.63573720429264 -2.052599388117625 72.36919064003597 -2.312977379810498 49.74292062832778 -2.2314133800420075 39.491104865685806 -0.21364345485782021 60.375194183876765 -0.4662822648277723 80.55249685654942 -0.725026172372729 18.14469350111811 -1.5146930431530419 
102.60965115050368 -1.7819470738155936 15.725918099270487 -2.053091619495566 70.99698160410082 -1.789967791813012 51.40719207069221 -3.1541724030675597 38.39713217398398 -0.8066981250520735 59.068894292745675 -0.6950074208883578 80.52615714127516 -1.1960482840071716 18.32740681880683 -1.4144859554214617 
103.5697994271908 -2.1892991682607814 16.128687930435028 -2.2328560347112765 72.17375929526983 -1.636893686090307 50.91975878572842 -3.778668597502805 39.66946772739679 -0.23903608508244178 60.013856816860425 0.04463279565027356 80.9485178483078 -1.9594975674546549 19.0131906467043 -0.778646071341434 
102.51500465680637 -2.295577195802343 17.60173881293362 -1.7858792317612395 72.4917803663413 -2.560650986407601 51.96460138392936 -2.4961319173734364 38.55306605325743 -1.086258916663128 61.08174956769779 -1.4930392403057633 81.41533736348705 -2.2373533180539167 19.13809301933316 -1.5951137789009686 
103.41675294099551 -2.4200251626936704 15.96524970279156 -2.097446629154525 73.03646282069863 -2.359698425299383 52.14545747803137 -3.5832935887185275 40.1985700144805 -1.9550305172398996 60.35796147717958 -0.0073445140333257 79.19492900599775 -2.151031262661985 17.48131677138647 -2.023059965947656 
103.4733280337539 -1.364237653338335 16.917725762807628 -2.3275846329392174 71.48601353603834 -1.3558994843737318 52.6234648310396 -2.6773182647258222 38.87741144642004 -1.0439955635359195 59.53439461317082 0.8175691026436305 80.93894779576824 -0.663129517528446 18.105695953902607 -0.7598254153262227 
103.49000978145048 -1.8869376182671225 17.679952631963776 -2.2195198658922717 72.67180529355511 -1.4693316759099397 51.9965120663579 -2.3203442859401866 38.41976477040361 -1.645805232568024 59.299463338592204 0.4084287209869214 79.54660428360117 -0.9621926031500938 17.208690582120695 -0.613332464985845 
104.98653369987656 -2.8460214853326846 16.543420579921086 -3.2168987185857247 72.31256800218087 -2.219813466319073 54.23292857029051 -2.54833226324925 38.327475527263054 -1.943843981551257 58.77918189050223 -0.9475515928672942 79.65119500260144 -1.8310710573487963 16.463779747598796 -1.6294494426536028 
103.11704118941789 -1.3191551383594988 17.35772688650101 -1.618824284878765 72.03240052696678 -2.9114493511983204 53.63735919018385 -3.2305548323954376 36.92417020010213 -1.0878015810113193 58.481949731827086 -0.38766013681532624 81.52074303294671 -1.9147010558183908 16.87738124838298 -1.4086058949286924 
104.21226630690362 -0.49851079666371434 17.162630708314808 -1.3485400964386935 73.86107166854832 -2.0100536508141293 54.06510592741765 -2.22321068629058 36.746306877094575 -0.9039863938650831 57.42628929919635 -0.5323818223268628 80.77008445336233 -2.077500996976916 17.634741748742425 -1.239587477921365 
102.58949914435426 -1.9195544872701336 16.90788763022893 -1.8183648115296112 73.12855099724486 -1.7026386159978288 54.59901937830312 -3.3828034608739306 36.218032697923185 -0.8720744326315467 57.5128511098934 -0.9174681181934263 79.85719313335966 -1.2783782310540202 18.127407908491534 -0.39127549867409905 
104.06093841730313 -2.0266720827248896 17.56072887778642 -2.052087304947929 72.07333133535427 -2.2755385292373043 54.21537289951205 -1.9667348995482863 35.18157861923886 -0.6612056651080355 57.727919061728045 -0.5159431599094078 77.67471266210585 -1.26850650044873 17.87313706718545 -1.7126245151756834 
102.0093256149412 -2.1739860308555667 17.47578978431237 -1.994645179808119 74.05134850934985 -2.0466479810421667 55.10709759407504 -3.0865181336316585 36.70814084348305 -0.7627153265135249 57.06403167404772 -1.0737306939570495 79.21910968726807 -1.0440882127414803 16.13542407786155 -1.4145735129591455 
103.91631535416526 -2.044207942715898 19.464363125400244 -1.483020779177569 74.78310165089823 -2.3493100987556508 55.564723639221626 -2.384415605295436 35.58596329285955 -0.26157264270484293 57.68730393934486 -1.0016742708247663 79.38017772178851 -2.0542086674311593 17.913641320350283 -1.6804135278252472 
103.67035771663714 -1.094681321291234 16.818519688249708 -2.9338747368253544 73.97521241388553 -2.060333331427657 54.92344132232547 -3.1587699039058297 35.736419315060125 -0.9288545968927314 59.361666325925114 -0.9045783493462705 79.08427012732034 -1.9616579041451154 18.165431474623308 -1.8159923879706752 
102.58857088714012 -1.0364398861165642 17.676681543341065 -1.4362603248962125 72.83118096164472 -1.578063954032102 56.04316312923589 -2.369980165338831 35.92619883405815 -0.10869301742608489 56.990646714952646 0.24881583764564327 78.90637818095166 -0.8349101853240279 18.12068943611784 -1.097972963266018 
103.80699068714365 -0.28855772986651196 17.34331371726246 -1.0486983608996407 72.71811051120669 -1.3316364023069762 55.019302308072284 -1.5440761398684308 35.73829326870547 -0.7117779247932686 55.61294317911679 -1.8125987751077803 78.28624540479069 -0.2608595876460796 17.036221098706903 -1.171119854816455 
102.29227238752526 -0.7733079491972589 16.78714880480032 -1.9551336531931711 72.5496234874692 -1.8782833157649486 55.88788921461378 -1.985447549589011 33.530834335276616 0.3150474182926236 56.96610941610105 -2.0138486868599266 77.83107271580536 -1.286461941705958 17.07386538200381 -0.1285126737110902 
101.83944193823298 -1.0854069079585786 17.857484227007596 -2.044680041562298 73.14367199485206 -2.801103276155498 57.24792526549824 -2.5166184995928145 34.15708897878197 -0.7597240444171384 53.92106103467527 0.6037119462509414 76.90010171612754 -1.722077148260285 15.48657513929072 -0.6451486245297141 
101.9397481672863 0.3147052666401392 17.552448985351447 -0.10137132253074554 73.7180392789803 -0.24657259555374722 56.319110054684046 -1.5180009363878075 33.344882128724976 0.26524419157932067 54.95034024233255 0.9122832639371986 76.78718704564194 -0.4012795801524686 14.725849490259327 -0.6856331908052726 
101.48156565564993 -0.08500986473209321 15.062086697920062 0.17357606615545662 72.02879055426723 0.15489391016324383 55.78438003115881 -1.1432422395612996 33.22829204618975 1.103149853867015 52.09297946164481 0.6764491092261995 76.08387034993444 1.012901787741054 15.107385719225887 -0.049575846516850874 
100.72095989103381 -0.9149019808571042 17.045930114437255 0.006199889341106879 71.29684604423772 -1.1852469652137252 56.7359184360538 -1.7141959548738892 31.31255809471119 1.0571906784905405 52.23424686615212 1.4117973459980613 76.65190174741305 -1.0428936060764735 13.844463026507093 0.9909194636447873 
99.21484950657266 0.513594832841407 14.62909287995229 -0.5530488879490558 70.44086291133246 -0.3101234658888993 55.74693192347174 -0.6845137378139206 32.33508722856822 1.661109596453102 51.8662457948747 2.6806117174794934 74.51212808689839 0.5738279849711092 13.111785529442033 -0.3840506654966511 
99.22480347375931 -0.36928042351764 13.324400858556762 0.7330622033658734 70.79198750759352 -0.24197955734966983 53.99559207968368 -0.23891017606843645 30.798883697895782 1.4673678844604017 52.10481801194526 1.4475217463830605 74.08184269114213 0.7906756418140357 12.716771032105921 0.9435844616526963 
98.93570525836017 1.5146008872080616 14.968401317065831 -0.03571416672733346 70.08017363728905 0.5892112036338699 53.63721238078388 -0.9215770678781516 30.533482132762366 1.44291924190921 51.709645240909225 1.2335250603481573 73.76608675937545 1.9123111491928344 10.51958869594707 1.087374202197159 
99.62468640056534 -0.8361983216562372 14.292813984512964 -0.06425649236383613 70.25027658845981 0.31929596699979057 55.82931957625346 -0.19696823283790943 30.797853664062234 1.977012867105753 52.163800587653576 0.8654318400614217 74.48353485291193 1.422345318753075 12.064801607587672 0.9116344202594618 
98.08757374107658 0.9639916959227964 13.854780549809314 1.5279369631480717 71.11834900843458 1.2025832374365222 53.80123291974117 1.4186043011452827 31.320257046968525 2.0730804266741263 52.99456959999797 3.230153645480808 73.76229685119664 2.330031569099563 13.079211108884033 1.9764377489579348 
99.92628048541451 2.347538302384913 15.405801673882099 0.6261345336831144 68.82893071088536 1.395156845716106 53.939440656174256 1.0086443714354492 31.562800043670283 2.8119798977548562 52.97038433596059 2.07407716350305 75.98681551829596 2.6373547831699535 11.19591456503411 2.393171112282434 
98.7581777924528 1.5775134859047382 14.718698172703357 2.052671943805679 68.34593267045908 1.4386890220103787 53.83279408584564 1.4153249131266046 32.060740259897116 2.7596017998932627 53.76112675545754 2.5641321138498734 72.87852065284046 1.9106589310804405 11.903464730397143 2.7709160060112374 
99.88200615368713 1.5001032102222147 12.552778510828265 1.4219702030202466 67.96492600860414 1.5439557016274217 52.06094155597186 1.2807169712375737 32.710562061543165 2.815074536169161 53.55942667131225 3.272265551103115 74.3958336534834 2.052029083348577 12.67730066378376 2.4902801421027574 
97.35178630582563 2.995876726330796 12.253954323938808 2.0090536590597003 68.51979408714747 1.3774223712907632 53.827466803474444 1.2609355991402065 32.421539290718314 3.5988921810796075 53.823168230740364 3.878929410884287 73.99415891634158 2.789335694441531 12.44531141590623 2.4031165084627286 
98.38759309646035 2.6233997281635544 15.209183147790688 1.6968837637564265 68.76434312311082 2.2102823724749134 51.09813493760151 0.17227215568110643 33.192772910891335 2.8969793860047175 55.709735644587724 3.2622412291333758 74.21554651915302 1.6837176734641557 13.775699485023628 3.3232246333320647 
100.01672938188229 -1.1026161269307668 14.19982270328738 -0.9621662344185222 70.08686826465222 -2.0919892404241933 53.22874731614347 -3.7494619547396404 32.02562020444074 -0.255799119891147 55.070799331504254 -0.5638159499525323 75.21989642619651 -0.9402776580624319 14.246114984449765 -1.1649182379393928 
100.3013337734043 -1.8131373386814507 15.069730742671464 -1.8527151515950266 70.30112040770774 -2.212731905111622 53.75515065588051 -2.9201667181329203 32.34674005323531 -0.4142555861031789 54.03880503694255 -1.6083299175352908 75.85895394517635 -0.9631459981067035 13.110311324935788 -1.7714405948095537 
99.77843713394418 -1.430010534329157 13.658025766425295 -2.089517661882965 70.76415313001166 -2.7258429908013477 55.58380951724799 -2.453494458774222 33.78284810753619 0.1818768109627712 52.8383883295409 -0.38875631345207096 76.00913493808713 -1.604649063849111 14.08101593251471 -1.2653477752050952 
101.46753159548975 -1.8440191002579556 14.812335193568451 -3.10790688591153 71.46673363922164 -3.4191628292085023 54.70120089390054 -4.261497815022462 30.931438263681716 -1.082619826334217 53.26722714477657 -2.2243230651702004 75.0425241885855 -2.2738333867794425 12.921994760276949 -1.9369338531481755 
100.97676171458944 -3.247260215710738 15.636967471035925 -2.496913991173655 71.83734176570292 -2.937156098207048 55.92042383808133 -3.61381333329344 32.72698969545978 -1.1009088564534246 53.733017824575526 -1.4940681698177019 75.98123314115641 -2.4474145617070318 13.49973344911784 -2.513604287303518 
101.13712417203678 -2.325615668677748 16.729271379550223 -1.667579068388028 71.86949804537856 -2.4803414427552903 56.47756341071525 -3.5167977998786792 32.59173221254696 -1.280724500102887 52.87175808618243 -0.5032048717165546 76.18224390054685 -0.8931467676817144 14.642472058085785 -1.533778878985538 
102.37379929190834 -2.152821331602842 17.335806384955625 -2.914261432271723 71.53357724898902 -1.5794665287468088 56.6150237678631 -3.051157872137134 32.34189099830444 -0.9818116693695926 52.44663973384508 -1.285087024268669 78.14396101296322 -1.6723725946092103 14.463080386133027 -2.155770507120519 
101.0215117206879 -2.811281171941997 17.82273201441987 -2.2993297223877525 72.6646750387474 -2.599990164759779 56.680492348280055 -2.923951219703424 32.32025918896872 -1.3082620515061107 53.39219726640829 -1.1645906385124936 76.22392320504997 -1.197153518029165 15.677030261938949 -1.9410520599383758 
101.83633762768824 -2.338553783834512 17.370382410316626 -2.579275103082846 73.04112362253768 -2.867037829507536 57.01078478700326 -3.048627476486589 31.318754078544245 -0.9366159988052671 53.931567696837696 -1.231296934210052 76.07774587911737 -1.973222436815726 14.680375082891091 -2.6385113382108054 
101.43543132602439 -2.9163329359839913 18.280006166683645 -3.5691887218748413 72.94858694952373 -3.3385862745624233 56.75494914771715 -3.6702606949022445 31.620971535532572 -1.7815719830824244 54.168931404706704 -0.7679131720316268 74.93616753267489 -1.4044768580511722 15.42504773680921 -3.1933272732770295 
101.33949128170694 -2.9584687255784763 17.45046108114119 -2.66575458903392 71.73544940497517 -3.3696401066651163 57.03938860352671 -2.2165010897464557 31.265290538766315 -1.7395372704111989 52.93044740700008 -0.9015616105451113 77.70390761141364 -1.8021539893725662 13.568331808207288 -1.4135007712687444 
101.70874328029821 -2.577911862688965 17.68822195145536 -3.066699323168638 71.62889282938329 -2.760366597527826 56.147962834670246 -3.360472743555005 32.061992835286865 -1.5119759079043658 53.415216015377474 -1.9530735683301055 76.34693165850048 -2.7573874059336783 15.102156230498025 -1.8317568025976647 
100.20514647033121 -3.392680686838748 17.362983948562285 -2.617297271251965 72.3129603162279 -3.1443304719908807 54.989343355832155 -3.1639173507019493 33.334509577305205 -1.178210713386482 54.42943719029071 -1.41439373616463 76.360768558813 -1.9752025760770682 15.016010623143018 -2.32268495864027 
102.60098138159447 -2.0878371070857193 18.946479060398396 -2.039398450656592 74.66378732945702 -3.6157577291599443 57.8990207219373 -3.225264230616816 31.571484930222407 -1.4079082388584845 52.42730494092733 -2.246725441429019 76.82410640816916 -2.131781234680737 16.401745121404545 -2.542052895600025 
102.10972849798505 -1.693791472845362 17.462611247648702 -3.2394016949682563 73.34212470464918 -2.6257737836625825 57.605962872163985 -2.92023508150373 31.10235460519156 -1.6911564089244846 52.621702569940375 -2.2743578825099857 76.87279479803306 -1.9371873469468548 16.11668160166567 -2.547490104941537 
101.82243919615446 -3.304124971442951 19.079947418180584 -3.6959995404827533 73.20639274322994 -4.012257500849041 57.32850807236634 -4.39926167310298 31.24024096090926 -2.7404170618865713 52.386560356530644 -1.96175222358571 76.47876830599436 -2.796757029029812 14.986202060624024 -2.6008652030885 
102.17086340750585 -2.852235118359452 17.914339073050126 -3.8768688565948026 71.98402092551581 -3.2140407415721706 58.222844976985286 -3.2009743910001704 31.800239263332386 -1.4377762752637797 53.79281693900125 -1.9317416311071764 78.39194555172635 -1.778096661053536 15.159339892447065 -3.2130457789964213 
103.30978159844862 -2.751126388961102 19.431622389826245 -3.761321108508838 75.14143988452562 -3.1794151347917396 57.07487921768145 -4.274365263667961 32.27270379405684 -2.2417457191874566 53.28451843820702 -2.9211201034950642 77.53852390577956 -3.2085855924416 15.93357341716879 -2.1206487147845836 
102.89791175530115 -2.123033141987953 19.77430403278837 -2.982443976118554 75.88781642364194 -3.017386667908986 58.84630431362327 -2.2537722506358953 31.692294947526072 -0.7576459066210072 52.91052570483258 -0.3930348628837077 78.28777881209272 -2.545674893577667 15.929984811495647 -1.961924611251819 
103.36133322286891 -1.608623912030629 20.057630508995707 -2.877727912609304 74.47277292061807 -2.9438783099843984 60.22304668245172 -2.7572225610336427 33.66712744242681 -1.9894885583509572 52.91369634944686 -2.566694181017726 78.33579368802641 -1.6121220937316298 17.221108969646647 -2.262893252065958 
104.10517747310882 -3.1876436808101234 20.775487734518432 -2.2482228008340215 76.13942910856925 -4.321274252647517 59.92632362101446 -3.811000023367592 33.05416707888361 -1.9422452087877555 53.22341133812451 -2.606541480396334 79.19049950540624 -2.024964074449197 17.010170694879847 -3.0068635745765557 
103.97810399687356 -2.0909779704522546 20.157933612211014 -2.948080557797047 76.02764846162141 -3.2303761604832175 59.663408531999174 -3.869301764028553 32.40174466807438 -2.3959346903389807 53.610947679544715 -1.4573983305804186 79.5643493209756 -2.272201863587149 17.715715055409124 -2.250031539403969 
104.70318717306257 -3.8796183417431633 22.217987083067797 -4.030724032136585 76.41183716406599 -3.2701059875588827 60.75147014367334 -4.986206365447776 34.00253303541236 -1.8273362324361195 54.83244684323764 -2.1865425282172612 80.76484082079249 -3.161721082058937 18.96687716962057 -2.6480032658369588 
104.90315204573223 -3.9706706186762006 21.53522048431414 -3.483704719633403 77.69568195615787 -4.489658795048543 61.03100841086938 -3.85202921287072 33.53657736078619 -2.050537688660859 54.53470913292787 -2.3271866560214485 78.93388979379465 -2.7090537647686985 18.78906995152378 -3.341646657273203 
105.08336153950387 -3.2876246561660856 21.683022091920723 -3.709171688846105 78.04740615543257 -3.8989060306374457 60.095137625039 -3.842657793302037 32.4428060516843 -1.9751547681220074 53.98869067942798 -2.9203263149039156 80.15761272197105 -3.553495308345549 17.63266532662209 -2.990227048234431 
105.90985218608739 -3.440218914825198 21.450470664519305 -4.370090707523792 77.28617776120997 -3.3967442219505104 60.169555502164314 -4.035450540285089 35.583561637058786 -3.334271987273159 54.63901256965889 -2.9328158635876767 80.74147433245336 -3.8013085093512613 19.738727913720645 -4.151652256108784 
106.44337677380439 -3.8586648593844255 22.903509534882737 -2.951427142078043 76.38456809367506 -4.047138621306324 60.251075001651856 -4.189277949174217 34.49175325157769 -2.778809085217365 54.3217465441153 -2.392070747172083 80.6494367361969 -3.5246380864359153 18.972556545222222 -4.1496057381855085 
106.21775870606969 -1.4979945475216991 24.03846788186928 -2.015963704762653 77.94239721127013 -1.3215885608181959 61.35196629618706 -3.0674948608640062 35.17853479666007 -0.18168783317155546 55.3682991205775 -0.5032619843038135 80.55532538146453 -1.1551232689479647 19.219958716406165 -1.518055982972213 
105.01246149549372 -0.8322862398564452 23.100575771926984 -1.508615875882736 78.13089839145545 -1.4029534605198843 61.31184322756609 -1.485774514495634 34.09778398723767 -0.683168079897512 54.79357990314865 -0.25472611835272163 81.67555810507722 -0.7506431515667874 19.315967530121124 -1.037017698064465 
106.03997905106262 -1.6005011902524142 23.332120956188092 -1.290187994792329 78.18508418540708 -2.843078020629791 60.917973542235934 -2.295851833573135 32.81735365096343 -1.5289214542985174 54.455183173778465 -1.073727291436603 81.02668838362456 -0.7134444232590149 19.63899921366589 -1.6268667873628821 
106.07589613593585 -1.6655579056547258 23.37619420136049 -1.8314550576004263 77.77654841768647 -1.605617819118359 62.215370389200984 -2.974751915720164 33.889365610607165 -0.9183580024061816 53.678191620695905 -0.37934515897207766 80.69771752203062 -1.57637807475827 20.261764033197828 -1.9969555591734298 
106.41298070517023 -0.9777721258227842 22.913723310203597 -2.3263661219186758 77.45501907894219 -1.5159521578644002 62.10636413954431 -2.6053823935154936 31.800149828821255 -1.0406806185804698 53.881867827550465 -0.5509241806051517 79.19796792979737 -0.5225751492339581 18.85815795827216 -0.8268850190908629 
104.53848771263844 -1.57876526447376 24.030779385097393 -2.1779923803432935 78.84350705522066 -1.7337443624644329 63.06422408671336 -1.9357905820443884 32.832550592350664 -1.073294113258482 52.291016637695606 -0.22451635368011907 80.06059471189636 -1.0930523298666255 19.45110270643095 -1.2785961566936876 
105.31300367647971 -2.063246996900988 23.740732655895407 -1.9731870365650819 77.92967237656407 -1.551107880772114 62.88882609374667 -3.267106259868729 32.92069947175662 -1.8022595838762678 52.20267078774876 -0.3299671131243745 79.83462630257131 -1.887472925117872 21.10314869998014 -0.9660076601677722 
104.65882834450619 -0.6487489329587134 22.476114334013516 -1.7829332283311365 79.48306745037698 -1.49063394227795 63.91045123300327 -1.8530803394518072 29.65023147512017 -1.3165536274053178 52.261965558992316 -0.2180333965049141 79.47798574030374 -0.9252145494474626 19.18621970105193 -1.8966028640128656 
105.81418698817338 -1.1369814050498421 24.027804568348124 -2.3289619794566785 78.94046496140302 -2.012538057358496 63.982354560927604 -1.7608250971588426 30.52507239700218 0.33936423736577825 50.67789339850576 0.131064384820614 80.00696241721734 -1.4092501463429 19.030558243589418 -1.6628626116161964 
105.85980945001509 -0.9224403177130307 23.415171894635264 -1.302037974029044 78.85035838906582 -2.064250535735879 64.53027340154068 -1.763424968154735 30.29163341398571 -0.8816916441193534 50.739684365065024 -0.4683958641164631 78.8903877480448 -1.0293723902269207 19.4912287248925 -1.5852646669178883 
105.32638242514092 -1.6155770110377272 24.19513529625683 -1.3090078139764048 77.88187209639959 -2.277723822005703 64.80793316103438 -1.7192604753063798 31.376422075320637 1.3581553553076477 52.00403714343435 -1.2145106653004527 77.39814984827991 -0.9884673112248861 20.799673558856952 -2.0587870163319617 
104.60839825878432 -1.4809306538231692 25.635046858262246 -1.830261723546826 79.2421149398626 -1.406705643742017 64.65947521787818 -3.0495211421993016 29.77804411599929 -1.6150818408329546 51.26599012870541 -0.9148398527595285 77.18930079373763 -0.9092721597259611 18.939251375028682 -2.074923064402041 
104.18958378332532 -0.5307441753395067 24.87205432766862 -2.1644074878557613 79.81701534494307 -2.072590145940303 64.47404143201157 -2.163784943002988 29.198924537649674 -1.6419334968834676 49.42585250987213 -0.8156185994289282 78.38077169636011 -1.2235927211093207 20.00908790562188 -2.170785610576187 
105.45952699204514 -0.7762460476767554 24.517564868401283 -2.570419403681804 78.90387114477512 -1.1775592686515144 66.12660688986576 -1.6205500303699492 29.718341371640513 -0.10686427942938298 47.56769339807128 0.27461374278399375 77.59795758309042 -1.3893651011508958 19.748588672529646 -1.8009994548775972 
104.21828161951838 -1.4449279464834786 24.688669579014487 -1.6550302652912225 79.73338221663683 -1.5638520788494967 66.3308879159729 -2.1678324955970725 28.859227405018384 -0.8864462828266828 48.93117714770952 -0.5926849411903651 77.25785827114301 -1.1076851644818484 18.810771914508003 -2.206233885917745 
104.96910963175434 -1.1560421802038516 25.336922588671655 -2.127089269681859 79.37347986548887 -1.8175723748447972 65.7202196836308 -2.311522246402434 28.076444730696295 -0.701141639117638 47.19325289827953 -0.8364735324598702 77.41692219076683 -1.5131569237784177 18.878039847989246 -0.5812203350564967 
105.24598407417685 -1.2812539303437938 24.528614371956273 -1.8878818088746445 79.49062860024675 -2.424705330972357 67.55615822465131 -2.0817385950106306 28.35755911534038 -0.7672280801801985 46.614348038909995 -0.19483093129715856 76.08062929109691 -1.0056037442755097 20.07492189497003 -1.627460679557947 
104.83394072154604 -1.8766911546702723 27.211187593206482 -2.7069541788407054 80.00218182039258 -1.9870420989728161 66.5264447571745 -2.9670146486257343 28.272083040711443 -0.38444160784801656 47.94405378751473 -1.5159199227856823 77.17952452690565 -1.0683849194218087 19.75128612429577 -2.439297790305269 
104.50946068852764 -1.714430115668464 24.887702031812225 -1.5900366704692286 79.07664291924145 -2.1024749788858665 66.93302932919215 -1.0114932871626507 26.607288139033365 0.732079208672744 47.62718614855611 0.2117000378346457 76.25327650248742 -1.1267745579146347 20.247206454145353 -1.364539713457105 
103.94446881279771 -0.5439404609818488 26.596458270437644 -1.193355031863935 79.51607541717608 -0.37212774775675717 68.40571169270959 -1.401553508653587 26.25216205856497 -0.7677826623643985 47.00323969510295 -0.3395849893321285 75.7917350222015 -0.7557177568771533 19.398109426303535 -0.9977624424928652 
103.24379577904277 -1.4302293514398405 26.69678783912172 -0.8729911708719369 80.14286258007151 -0.6978602771618102 67.95085137423345 -2.0150804794363344 26.293748371464254 0.3300147007039702 46.99878773917894 0.22802157390301986 75.75165450688598 -0.7851484660877999 18.997314417737208 -1.756069856173772 
104.13097880464443 -0.2209068643554848 26.943624739422326 -1.211072692788913 78.3368121731107 -1.1612416439597408 67.48193308598302 -1.8388768097397177 26.590554109506634 0.009064464570522707 45.742456225670765 -0.6219813873436039 76.13702294318453 -0.006830132767849051 18.588073492990887 -1.1695955900253274 
104.53504835885981 -1.4626020071976638 25.733800965946163 -1.7431188062185514 79.20746749749253 -1.2763230957638967 66.48433445173542 -1.574815252406375 26.52403257609486 -0.08062410849780338 45.87846269429276 -0.18598533819405438 76.2085949601166 -0.7992825456196824 20.256981253249045 -1.4247401330919038 
103.16666891918652 -1.2734291639583188 26.64876955920917 -1.3198730983873943 79.54800212885148 -1.5693993991602666 66.52892050658076 -2.551704680684723 26.46834191049693 -0.2523039838070843 44.80431340761597 -0.22374317852491601 76.65418109679271 -0.3225656449355119 17.927995301173926 -1.4548577847222712 
103.28606354041274 -1.0617999763447563 27.063472063038997 -2.4981019211261555 79.18881909034674 -1.9369565213233808 67.98031551659662 -1.9918033074356967 25.90050130490435 -0.6971741349525619 45.54801573634392 -0.5846719568699958 75.63000858100763 -1.128048275249371 19.154527047445843 -2.8460649453793927 
103.93179511622887 -2.372039862333216 24.813814124779668 -2.0079036353853414 78.43804484366444 -2.2360207521754623 67.79082264686132 -2.013974728157471 25.166908501993262 -1.1734083004850102 45.126673607915606 -0.21300669418069734 74.57482066507916 -1.505843757474726 18.931909827281803 -1.9173066226090627 
103.71979772558318 -1.6367485370691728 27.5943467251935 -2.540847073394928 79.17322921358782 -1.615797793431387 68.46478005570076 -2.479424794399425 23.92882880046966 -1.8981105837339296 45.16555922097634 -1.4402906069530255 75.81219969539634 -1.1683642865394308 18.0623221194893 -2.6345599557901127 
105.32947700960881 -2.6070531437984226 27.433243537528245 -3.980146293872953 80.92731613210572 -3.194996388401234 68.42421197839255 -3.2834869588758218 24.289966236322808 -0.968142506967753 43.136192635920956 -1.6092169761277906 75.09149221241077 -2.224041407602655 20.159161932139924 -3.5549802858348194 
103.61117608369118 -1.557995503705223 27.405260894793823 -2.733842825861844 80.0518635275844 -1.8777167353127728 70.233345148112 -2.2148420645607994 25.942619380966164 -0.9895231308475295 43.49370572022016 -1.418871902769914 74.96081243885739 -0.5228493040399678 20.337832040393156 -1.0742948022371532 
104.60644577954204 -2.628070359790075 28.493763514916235 -2.5068227086962565 81.6240648524081 -3.1391218359940964 70.68674141367389 -2.7834796814277194 25.769716784751207 -2.29076360928234 42.11207481854694 -1.4670894341844252 74.86406499803225 -1.6022788535298265 21.384707618016805 -2.753374052374218 
104.7470721315345 -1.7357762741589844 30.213602190307206 -3.2510169149791635 81.44141378533439 -2.753985215978074 69.84981462456285 -3.962974490637465 24.68098335939503 -1.3409976974522357 43.27879470387332 -2.279926307427098 75.88535857287374 -2.1674148536908695 20.954778046494976 -3.3344937103144128 
103.6910871072614 -2.2348830977725833 30.691270516200582 -3.8349914918338017 82.92794525673276 -2.7308606559070405 73.33202220968307 -4.5929964142426645 23.491055741143004 -2.024856135914069 43.2953838068756 -1.4835643491485737 76.36855139602592 -4.285584180659268 22.201468464376802 -3.0593696015709004 
105.28173086274877 -2.5117405530426877 30.43034536559848 -3.939476488343759 84.12271311853893 -3.743273642328429 72.45561817693712 -4.411789041427676 25.85490035277653 -2.4636133866951075 43.41508826678335 -1.3852626671935928 76.52531059930125 -2.8763519445191865 23.197556390077693 -3.544066424035219 
104.33008331008463 0.6808684953300105 30.626142878706077 -0.32596002943709645 83.63895117101309 0.875552409831394 72.5714611970875 -0.4261780231971246 25.368152606598198 0.23989758250282167 44.41086612914641 1.1040542260217947 77.22784349036807 0.48553540301969395 23.292074249833 -0.47243358173320776 
104.30029058995551 -0.6582738662067688 30.83362940939413 -0.963677709173889 82.85637655606608 -1.6251258091541354 70.8617546187912 -1.2022876911549383 23.479719382927627 -0.1649411589399742 44.09987444349163 0.2927527990327992 75.87045151013687 0.5973620510729535 22.843793382236626 -0.8934574177772776 
104.62302395318692 -0.4585941675078368 30.43959742463901 -1.4038604399952541 84.1737983495586 -0.9822166983842961 73.47895198382366 -0.7694383590462109 24.459814750197815 0.12450189635053972 44.55681838773595 0.28448558836197085 75.18015274859557 -0.5271075649286241 22.673120344984177 -1.400089066156752 
105.97832022029395 -0.33052771591486846 29.761477484187335 -1.0136583852636998 81.24443568576909 -0.47413164715228406 71.35670902294953 -0.5800177602450125 24.698492654357864 -0.16261584592508188 44.32748205091979 0.3092846963791904 75.97832979222382 0.550347210401334 22.102099841125106 -1.1329498672650724 
104.821689645772 0.11222846413595555 29.39237326343017 -0.9479625153989787 82.22481661180655 -0.07636668601344193 71.07379286298438 0.02547072536653061 24.058049441150015 1.1467061160831087 43.63095199425934 1.4658610111740369 75.0978738391725 0.6879625408921346 22.133631449268037 0.08542083705904924 
103.82639735970862 0.1574090825206873 28.519233113253566 -1.2490940469371898 82.5177478670696 0.17527886780393226 71.43587653108763 -0.2632787665079059 22.70252174289014 0.8851443284243197 42.70126389434815 0.10405557461436432 75.21948114464098 0.3025797984610388 21.412105752584704 0.26572764122905 
102.88490970913045 0.21227129778280762 28.68442672662812 -1.2137654773332955 80.64988118021566 -0.01584312173334372 70.92972244102455 -0.8481076895988462 23.31454202284989 0.36992557976652 42.78806992763189 1.0058320871365554 74.32519879010633 1.1746921884101245 20.525270186914206 -0.6187360634499546 
103.69231920329368 -0.2844627053562516 28.720170005220922 -0.9061317038181173 80.13187080526941 -0.8037134702938974 70.40883862282216 -0.9554508205272142 24.185442222715583 1.0649128392780793 43.213053798317354 1.2789462481669938 74.73045505490492 0.47739974852632894 21.478820201621815 -0.7638117828500093 
102.21260697616611 0.3364480584205222 29.46229354714945 -0.3568578822060517 81.92206987741531 -0.6341117829295602 71.1587325324181 -0.4584362689653405 24.125661423562256 0.2972131125631279 42.0452587929998 0.3528292420677397 74.70597856852298 0.7562411384102609 21.205248559037692 0.39567835852244393 
103.11070626635728 -0.1384740297017702 28.78472894796735 -1.5424150074503138 81.53760565378346 -1.44999109423175 69.9350835240407 -2.4396758777666085 23.0397282879702 0.14529432268669237 42.31813439688297 -0.5066560071060129 73.6096903359395 -0.9039791118800115 20.761057064560063 -1.7806153877795734 
101.97230253064063 0.723088247441969 27.454510965032632 1.0518233894195788 79.63513160364226 0.8982621913187974 70.3974900591898 -0.3245887682444233 21.73880316534366 1.795011952365474 41.9388510394114 1.2764331882378859 73.97479098682344 1.044990593665614 19.152415094113323 0.07727385680219365 
100.65690556480233 0.5576419489416363 26.906534647302536 0.07549981948812967 79.32866843437654 0.6775430036678609 70.5558895333329 -1.5472741099099712 22.142015941748973 0.9723723300587681 42.91720393167668 2.1838767738957543 73.68653063322134 1.2868719066154903 17.584105005588956 0.2685261328531069 
101.93202453678596 -0.7883406178675624 26.724741932596615 -1.8521112930828985 79.1422382731131 -1.4469997200735307 70.42442730009664 -2.259268830546207 23.32321105934203 -0.4723596002288662 41.88335414822041 -0.2878666532111729 71.86635022470625 -0.7738591525718894 19.636505309922008 -2.3429384286423764 
100.75820595135573 -1.3132100560597644 27.39133564774173 -2.2554565229850523 79.50785093025935 -1.4146035312084875 68.9233338134555 -1.801952698687622 22.852647679986585 -0.36832455337550635 41.940025555379954 -0.6751255212610294 72.29594890644711 -1.3067054360344583 18.25947801605861 -2.5382302973357778 
101.7553837243496 -1.8396813694140475 27.278541898266234 -2.9501565545240136 79.04908162654957 -1.4351750110109451 68.78710376100527 -2.542166373847631 22.520624552331427 -0.37387421623735106 41.8396553039241 -1.1290186361710601 72.53289853086268 -1.6069313791150945 19.692080112071746 -2.2411932777299395 
101.8529130220932 -1.1948695459974352 28.08301384433487 -1.9723381053203681 78.99147345946903 -2.0027515489262946 70.72201036219754 -2.3373049749816843 22.1475415737373 -1.2737015155868452 40.18407768055646 -0.7102529905261239 73.66062190411678 -1.5855062059656218 19.723219270131686 -1.9131919100226134 
101.66576399142433 -1.874487845821693 30.29205122260106 -2.5159189839997693 78.94173954673363 -2.431973317545934 70.22976359528387 -2.2669496651207197 22.28139890627748 -0.4664224488516753 41.114629416827896 -0.0726733355706955 74.20423980824853 -1.4768372573840312 19.73591178719499 -1.1197262582701368 
101.72130224730402 -0.9455899866031541 27.34180515518242 -2.030417091823073 81.110250324313 -2.3488535974681275 71.54963658410388 -1.2952447855531226 22.38247631525188 -0.9764154323156536 41.46011638225729 -0.04875847434179703 72.3766851654166 -1.3017720404877768 19.487082750742847 -2.7416833945309973 
100.20888073997281 -0.5570605652690854 27.09286458470833 -1.5516298592763302 79.47660398944234 -0.7318368665567592 71.48022565452656 -2.6218075460249057 20.499073926802758 0.059658814771779034 40.05207411690402 -0.5021820300908844 72.52837914948954 -0.8683848048511873 19.48272394114238 -1.7839617604450877 
100.89590131783059 -1.1934250658431698 29.17611093327546 -1.6326703459943022 80.9277438862111 -1.9193085202702909 69.96085310890567 -2.203900437727459 21.282371503072863 -0.6741891826417277 40.92523326965242 -0.43993251480323436 72.6494921073791 -1.2854928891802864 17.63569548474255 -1.4068918904334458 
99.73586470590004 1.796843574008967 28.949826513114754 0.6233626108651373 79.04352726369952 0.20840141822637404 71.70781784831308 -0.026765761825276124 21.675078079063095 2.675179258129674 40.093605147789205 2.0547356194478694 72.77358516312133 1.717444456381328 19.250094505597648 -0.571931037243486 
100.4890508654704 0.45448753953179366 26.607361787547408 0.3292655383314681 78.62068398187823 0.818641813233525 70.50496114386478 0.3514103757649216 20.52125747772049 1.85445536511396 40.690914223702954 2.177271770739287 72.44373465770526 1.4302081924705612 19.579944814241284 0.7178034840682541 
101.4299604652694 2.1938473464085635 26.777039599196502 0.8377655848986938 79.77851464905302 1.2292472905971146 68.36778228588607 1.5646181481272312 21.382841893582683 2.4017730751601847 42.158507001444534 2.419470934567544 70.91375969643747 2.320433243827697 18.1805718155943 1.4904848196545055 
99.93949526015471 2.710482018714029 26.44063832461281 0.0899210009969148 78.06370217032077 1.1858811581956357 70.41345169557657 1.0946588432385094 22.097739672384787 3.005109945177719 41.903091950066745 2.916365325137856 72.10264231777677 1.5740277423938722 17.21094638763479 1.2638343586435985 
100.18118387352149 1.7930391258568128 26.217292562883358 1.7509358332139766 77.93564490155993 1.592867895989193 69.99347770622089 0.7546559468786727 21.224242834176543 2.830858854167128 40.853282083340886 3.015406316824334 73.4335841284545 2.9533111769843314 18.8808990042753 1.6438141705718636 
101.3533377345541 2.341940192688736 27.52226935868961 0.8681821676132373 78.37845707752186 0.8910793540133739 68.61558498387576 0.7159206611368824 21.870708525586746 2.18162762142719 42.192032115481624 3.182928915811861 72.44248190167593 2.1991751266688113 18.359069725479486 1.2681133521514147 
101.32196472817445 2.4933432028149403 25.516458656057413 1.6970634660888821 77.91270126340227 1.9321540892733513 68.78364343226721 0.6303542822603638 22.225172604089863 2.617359214890983 42.07539689150341 2.631795970817042 72.89551315910751 1.8624647724306205 18.322494280210957 0.8551644832333383 
101.3270700286238 1.9155344149124982 26.309460333607273 0.9837882788556415 79.10468954569315 2.0477846989750725 67.97900063184697 0.5787431016333795 23.72391670725723 1.411472044909509 42.05344259163847 2.990190554977666 73.61855175519263 2.231179370971933 17.58901282735752 1.040841730763635 
101.4003529752765 1.0456918244821425 26.16654141152379 0.6165235741265941 78.37675241695973 1.42919636722065 69.53671618269661 0.42415008504485 22.87927007110217 1.6152622544720097 42.77193214897936 2.2035807753758077 72.17815632035578 0.9747096085115884 19.45823017644106 0.8812548370213442 
101.52679835599037 1.099176684550697 25.940768240653597 -0.5197193831297603 77.12044419054772 0.6717782801332993 68.08112011259318 0.21827856729836254 23.348329198191117 1.580038990163713 42.2561929255778 2.3105704322741145 71.81363477186669 0.7351152501701091 17.873213974214174 0.04904591376864642 
101.45825412258174 0.17318080990767953 27.279627369101952 0.2772298180202213 77.98110734922915 -0.3191404372990154 67.8853224113814 -0.6323050390064935 21.786570458362284 1.498902361018076 43.09951174021203 1.7474170610369972 72.84715671869455 0.908038219638261 18.36330638743675 0.6377098757783132 
102.08764692487696 0.9855293526741459 25.03030081024854 0.5699629763912859 78.79759428791252 0.27258925368006576 68.69116072337222 -0.2957911199156252 22.71332345823885 1.598869626735867 42.53677853400242 1.3627250077713666 73.68037055833767 1.270337961970514 18.85992801117662 -0.09130803539204516 
99.80772110849153 0.702512382139221 26.459104780106163 0.7388802393304368 78.15015441003311 0.20638233561338373 67.87226114298271 0.14176350325908182 22.934999956417414 2.6017494861003048 42.13662370584455 1.9309286493211764 71.92036245403709 0.9489577408006578 19.045464024431833 0.08064653136893667 
100.01583504834097 -0.6232994942627658 24.975344719964674 0.17401792277005523 76.91486676892922 0.9919467606143789 67.1153514169553 -0.0244082424814549 22.91119126036422 1.3447119072450495 42.63576445035405 1.1914040310664349 71.62125283637687 1.4148600564658245 17.018313083586456 -0.23165416578595222 
99.49892773270174 0.5223313108653644 24.522082221453843 0.641722228016513 76.88827580980251 0.3961508077147702 67.9194406442054 -0.66982705358607 22.341509699481584 1.482802078921751 42.19012301658023 1.517337672990074 72.59904301964639 0.619108499018055 17.167026833686947 -0.08150718636750148 
99.28269763253768 0.5004063413867973 23.936088977217494 -0.8236317920467282 75.61703366550641 0.14856273799065545 67.4075755459881 -0.6880770344636868 22.747595842079278 0.5688243715714829 43.004569615065876 1.4846406865609518 71.73731962695135 0.7254942627156661 16.20272705484581 -0.25082824177436647 
99.20009668129337 0.6086437596114728 23.51937278831917 -0.46236716480520457 75.14939725063786 0.01916605136437169 66.22992481507436 -0.7446886650326432 22.153635174306917 1.1903308000062056 42.62469782954403 1.872686049478578 70.91550719207483 0.6522702193454731 15.685204648824246 0.6758848704736451 
98.49681393046606 -0.2756111112554322 23.676214248080242 -1.3509848930146968 74.78351808877001 -1.091282056634374 66.05140558787652 -0.27316697632432396 22.14889965915654 -0.056021258219725145 42.80327633174908 0.747861976829952 70.67507131284236 0.7409985608114367 15.624941540561137 -0.9937066941327775 
96.51954974529166 1.0590651343939417 22.04075476194811 -0.14514836406072507 73.53646791759273 0.2492279119824626 64.54535298153279 -0.018843167675623218 19.958632014627426 1.6340044121533772 40.76128557491768 1.025125703140353 69.44648888699543 0.9663922874272072 14.051233358009435 0.08640487440980793 
96.48919265975603 0.34175758883912555 22.09893706173571 -0.2289154663445926 73.27985753983876 -0.6153524953088668 64.06584108566149 -0.4517239740003938 21.130139867442605 1.3933751698074184 42.043837449104785 0.6046431848006077 69.37164424349594 -0.1599833676829432 12.85907898309748 0.09528023439829869 
97.3703167262029 0.18032578156549345 22.236679578959016 -1.1959808589281242 72.19738063006606 0.29459296139502716 63.86872821711665 -0.6540349264458486 20.181832928430325 0.8944244260701417 41.35540517687734 1.721904268517451 69.29343303724174 0.27510804278123957 12.601181607188204 -0.36244766262477146 
97.02247981512497 0.6580697305678359 22.837484310088314 1.2655567529701777 73.73457184358095 -0.2679617371605924 64.95478985096977 -1.0520568754961244 20.14219813585711 0.5062618501732584 41.646839302410164 2.080194187476809 68.9204721478292 0.7407788590562677 13.681382660231527 -0.2945500674642798 
97.57765487400768 1.3729197267222217 22.31263345017469 0.11779859113622848 73.0919682045233 0.38274017138747407 65.8605329679301 -0.4776033526666507 20.949119249658597 1.4328224439124222 43.38784427057479 2.4803054983351287 67.75353775689734 1.4317295441725215 13.637069547249528 -0.11032430626662965 
96.13739033938103 1.705552462775761 21.34972180980128 0.46780087379423785 73.35420106868571 1.3614608335584852 63.794927585991786 -0.07958520233213562 24.13050683177724 2.0474778137951604 42.301926228635125 2.89124948011229 68.5172734490956 1.382102981745284 11.988128226117249 1.2534441164648416 
98.18099427516674 1.9558439653782447 20.475735727105903 0.9840603882284376 72.22621445863196 1.6814176720178897 64.20059526839012 1.7454865092724048 22.309426735789106 2.929902710539388 43.5157163972907 2.5159206271256687 70.06858740508552 2.4924199557493125 13.696270306884605 1.4924227682459252 
96.8250681399582 -3.1458617844680505 20.96475125017269 -5.550438382747598 72.80958891180055 -4.359615331674145 63.10928193473741 -4.495904549479281 23.379740833773567 -3.4839473474800653 43.73301828694333 -3.037600299280319 71.682956617979 -3.9922205536918156 12.443979882500498 -3.9775423912173387 
98.48241046785716 -3.456183436095677 21.22049137344915 -5.23836884069904 72.87518868419293 -3.6640033680615387 62.04013255020465 -5.485472214195137 23.762276815528505 -3.4363023674750752 43.62461435636957 -3.5057309462767403 70.45322103010912 -3.5703742104870106 12.923389685937686 -4.7426914543685506 
99.01809374382344 -1.9590609381701685 20.42866006510178 -2.9593224034798458 73.21072350499017 -2.1230014362547096 62.630291630923494 -2.0212283936649773 23.088863582348218 -0.19343593981338614 44.22809339018668 -0.18329002329694538 70.40450122856703 -0.33708819225413067 12.37788138162349 -1.4099373946429683 
97.5022487284597 -1.990246094589445 21.100735260896762 -2.6040017675523206 72.77787948882411 -1.9159414397253969 63.48867373504158 -3.546072540542453 24.047825734757556 -0.6144292488256993 43.3868337505842 -1.4165390883036002 70.92749932891151 -1.2337571979912552 13.776321324258573 -2.725570474470582 
97.47175980058542 -2.742206224617718 21.469183802086818 -4.051725984218642 75.455212187925 -4.421361571563505 65.11794696005308 -3.800667262276562 22.188505518910254 -2.2663953690242105 43.409339829523034 -0.40024804674294256 70.54293640048667 -1.8320564804938366 14.620958739633611 -2.4548553098600165 
97.08340981834945 -2.7387012138603515 21.560282872875845 -3.7078519775035383 73.71902863405346 -3.2080825015004613 62.41773999252574 -3.7524378754350005 22.691954052232088 -1.848041392220751 43.34591866184575 -0.9776152826273876 70.74551941141672 -2.9955131760232008 15.103120741010201 -3.366967843409325 
98.37122802698472 -3.2272718173190844 22.726464401615765 -4.105095377682987 73.11332613565516 -3.3949330784228917 63.781894213059225 -4.319426682869786 22.910799058553103 -1.7730173316278992 43.36370799889206 -2.0714817388831324 70.38685881851897 -2.629528813548003 14.312624703618832 -3.7306438725623803 
100.15125463206182 -2.9093812160590122 23.700014760473973 -3.862785106368509 76.33770846705832 -3.414227748831264 64.53422822848621 -3.5327226851736233 21.664107469106305 -1.7984680487854785 43.61262274582175 -0.913902497489611 71.2287034103566 -2.5700351780074016 16.500414581302415 -3.399163028131707 
99.57863118758056 -1.8243354379162249 23.357481333111743 -3.6739532524387686 77.22722236618394 -3.524856767808107 65.65339232023858 -3.7714480277884346 24.0162146075573 -2.2977540877226548 43.34085472630599 -2.0502642370337805 73.28142918342893 -2.9062593727898007 16.40943252401909 -3.380645817151851 
100.56987541433625 -2.2530697460783737 24.910016659791374 -3.808258831503187 76.87482368359856 -2.77212947783649 65.4615260855 -2.8702247618940593 24.569302436229698 -1.303645422603275 43.4495698532323 -2.294263895624317 72.04093784345737 -2.7437651582593023 15.944061519938256 -4.129945410381908 
100.44877461352722 1.0036905501345952 25.072578609080377 -0.10810936778843011 76.31041755439509 0.34737927841607175 67.78597343270442 -0.03975020976666449 22.07165541160138 1.2713628582739043 41.952943464086935 2.102114043490962 73.12969698324335 1.1246857161235135 16.93715946536596 -0.1006189361963244 
100.3587019335537 1.229427029938878 25.120757396964045 0.9556067650175365 75.24183377683207 0.4080420038681629 67.42811306398468 1.1847890896387643 22.975159395724265 2.1054689167841207 44.916428578586945 3.0087831181086298 71.2989938428349 2.6135251311386423 15.36136147323141 0.5583033875434856 
100.3305174637212 -5.1990141272511075 24.656065495818478 -4.652106349506933 76.68610626368357 -3.904978684155174 66.4631048207951 -4.553317415604893 21.944393203892947 -3.559912316442054 43.17131731055532 -3.761666037878995 72.26503935551071 -4.247942796857294 16.4841312471544 -4.996199553428171 
100.65476342022876 -3.078802775056679 23.72945536126542 -4.567306022435209 77.59153406405876 -4.885799286770036 66.41077515624215 -5.006534575058545 22.099563531516612 -3.445093006442102 43.75850485551143 -2.7423120289361362 71.75078600199693 -2.2595539864868144 16.94968998263249 -3.8838662826899237 
100.32701567012133 -3.8351034450144 24.53929940833473 -4.715845814279488 77.03918280841732 -4.040275678472335 65.18715810286432 -5.007975318250845 23.692679773429983 -3.4296312806523725 43.32893399082686 -2.816807675029653 71.97393455817988 -4.150373886436712 16.512425993577054 -4.737325352291251 
101.71108384811988 3.1792732951074116 24.365388637167687 1.3831068400657767 76.5294453662719 1.1173928980002326 65.70568869784576 0.7398466875918392 24.007976655642207 3.7841887446595224 45.31218930444937 3.005825245312054 72.4498972095105 2.1610412531844148 16.36755095900326 1.2515120702426548 
102.08944687102009 2.0323421863129307 23.918238339573055 1.4726377582999333 76.47549068354995 1.951009333632709 66.67668066062679 0.6133055948886268 23.068076353919754 3.0586996147663523 45.09088216724062 2.6575161373170175 74.84369939619961 1.6215385416536938 16.931609650091843 1.1591859496582126 
102.22167316392314 -3.7834939918094856 23.993867510590228 -3.3044007953751704 76.42989484384638 -4.423268803360763 65.84100484410682 -4.933777876836458 25.076058236518605 -3.6030698229250024 45.893430614087364 -2.116440450519354 73.64598746083053 -3.5799663952722085 16.96531658185863 -3.99319017227085 
101.10493309675871 -4.947714659061191 23.487399354463207 -4.741307417792467 75.97744972067179 -4.782535409155127 63.75079735441164 -5.209657820691118 25.934248219268262 -2.8785037602845334 45.32865040572282 -3.0251908059658654 73.79999864367765 -3.779568809741926 17.59079355303752 -4.776249287354684 
100.5657507857247 -0.30379320950601973 23.750338305857763 -0.5319324491295631 75.98528795230901 -0.3627972900544558 64.66302849303253 -0.7178928540949616 25.489441582328904 0.8980413778640072 47.56640238695919 1.1803337042023465 74.2426758122253 0.6552719857957361 16.57827317145791 0.5861872461868113 
101.0319958011135 -0.5512538254136409 21.458616433609603 -0.7439314419487615 75.31936033875989 -0.38526816667039765 64.28022663008655 -1.2975558779714382 23.78393795226239 1.152617768905947 46.56939299471955 0.8154720621372683 72.72229989337242 1.055538104808976 15.74665561527315 -0.6060504959211905 
100.3288808733452 2.0240825124808057 20.00087539334567 0.7210730252101185 75.30760305541901 1.3675096722391336 63.81301653097653 0.6627912569251535 24.23271923761673 2.6133330700748005 45.14177915089221 3.275326967086265 72.58180361182545 1.6317882288293282 13.981065273229195 1.4568780519748086 
100.78628894487308 1.689206293629845 21.14686267631826 1.3641452485441614 74.3837668797301 1.507289243621065 63.406203691519295 0.9721330571921933 25.9362972875205 2.3911507493840762 47.791868924832585 2.979499933352817 72.6317209038374 2.5995931845972535 14.36446148673785 1.0151664075798565 
99.97629804172239 -3.8155779855053713 20.58953645708242 -3.988548740360042 75.45127977782435 -5.419448710629411 61.86574646996054 -4.4205319647811 26.547612150111917 -3.7169823472812373 46.61125135372738 -3.5269791626876006 74.45386864645148 -3.1136485334469355 14.44253102541442 -3.6341890622031108 
101.49005269297494 1.6302956539925806 21.045236216512308 1.3591116857833372 73.90853268603482 0.9180734734818536 61.55153602145501 0.6698561666143108 28.37940687617755 2.3348000183747852 48.69537376288462 2.440425001393883 75.90801571665249 1.4537261389212417 15.045183756608338 0.08006612145941583 
99.7397379118677 -1.8668153462360797 20.61055257896929 -2.742672821345722 73.75313706743965 -2.3310759726072035 60.58490232214242 -3.2679755992110295 27.05201679049783 -0.4000260250882032 48.23700883347135 -1.8853631682371503 72.31279913373075 -0.396956672703759 14.122755818500197 -1.927753244836106 
101.36153242576364 -2.376166073515831 19.55006378090984 -3.305885481969712 74.96661442738021 -2.379070293506404 61.42082190972064 -2.8782912471603055 27.65096314448795 -0.6720139645783871 47.91618487829321 -1.4079338142176465 73.88712333105596 -1.4686859268696257 14.366312050733061 -2.4180230522465913 
101.05876182320446 -2.587354372733422 21.000163394605718 -3.3760644629725824 74.99635801396525 -2.4024224942069456 62.57836784542538 -3.9408008707784066 27.18837126914552 -0.5940407895643017 48.369600347790225 -1.596798528075515 75.2874675831749 -1.8610380315708972 14.198916237889769 -1.2813999904113602 
101.0084387903143 0.11150566196569178 20.678352175079542 -0.7519355652530549 74.87043639430395 0.988796094006196 61.922248683628624 -0.6167908300653183 26.076640058939375 1.1257762977854908 47.48501522724657 1.9397936146716899 73.28557879091473 0.6301685053456119 15.318927186893443 0.9899559106546537 
99.91548269871521 0.8262476318441508 19.908373425614073 0.08204435469241003 73.86383129506031 1.2665465628435633 60.40585796877662 -0.09886240509463226 26.341965307973624 1.4436005194020771 46.608622819168964 2.358874623230035 72.98136021225666 0.9878392868838909 15.208908245565414 0.788468021826322 
99.88366183051305 1.8543086535201925 19.139703927171073 -0.47599267262956424 74.10524472588831 0.577803811159809 60.784678658269016 0.4993823626556549 26.29967708170183 1.7690223955433675 47.343460416183255 2.648724722885196 73.00230264160363 1.3628013557434562 13.118463748128994 0.7678242519672187 
98.69505989565288 1.0784386617147044 19.329125287122523 0.13856917162135263 72.73202390013948 0.5225245980431635 60.186348066643504 0.29365384755285606 26.87207004896402 1.5153184677365574 48.04747295575383 2.662863033624867 72.47373462978096 1.3956381303624985 12.769159437900376 1.0595811197061917 
100.34868345904897 1.3688727148447464 18.52112018505983 0.5326266954886854 72.46805506492747 0.006648853772591723 59.600385562628276 -0.08533699393021932 27.415855503803034 2.5917502210957286 48.44373742297738 2.1140793274721905 74.00437944147653 1.3848807705954032 12.421221574108934 1.35487572720054 
97.94480355896486 1.6894049872899366 18.509967458342615 1.1070617252024775 71.99153929205487 1.583377583257609 59.475423715478975 0.7426732224359164 26.662716373296824 2.6036235300967427 49.26232449739114 2.791334391334381 72.75103462181848 2.16325880915862 13.422334944387847 1.887184479709215 
99.12973709020405 1.444147679768059 18.77893225884002 0.9151720849268437 71.26992597591828 0.6996918590678185 58.235768034697834 -0.07271046257830832 28.342351356030832 2.572124222389275 48.548382476967184 1.8065532549066934 73.92668507384246 0.8340094640881814 12.427576172472293 0.9888365171296216 
99.16628063049453 1.6428782379147457 18.072027351526643 0.08672455088475028 70.82266338032572 0.7670990621250187 58.99928861696472 0.34313717895753887 27.084084292863388 1.9664411890067266 48.389492591499994 2.071329488811802 73.89896078048791 1.1744811624476108 11.712292508386284 0.8784644041113481 
99.85988318936158 1.2703325099327145 17.486314438571114 0.6360334098761213 71.09768997951484 0.8368696507078454 58.7401844006611 -0.8095018023189167 27.966967179049927 2.690619176511188 49.200388755864836 2.19908256885282 72.05862340792443 1.2580332993737544 12.121239880656736 1.2742687740050278 
97.64710376195131 0.7984346737328945 18.2299478295008 0.23084476233125711 71.08823925366201 -0.0006897719732158469 58.94500705186277 -0.3720058690031819 26.687936655363387 2.300724183238292 49.19057952776176 1.4215312209955577 73.45746217868461 1.113358708372044 11.580559290801682 0.789334822626428 
98.49802030384116 0.7015610826840956 16.445147898984654 0.5572848859639661 71.1584708501866 0.42577110344434826 56.72959286271881 -0.005132405620583369 28.544191403585813 1.6792010474862833 49.05502440041947 2.453457134449977 72.9313566756142 1.781527167616599 12.4465343887637 2.5592864023381923 
98.40240083006893 0.045041881962826574 17.044082864314372 -0.06033369431789959 72.06305158100555 -0.6783427819004308 56.921549332220586 -0.5949959329578474 31.017988794662315 1.292784345871319 49.78112467875361 0.47033532923681576 72.69018845112049 0.3412205882833881 12.205748082523014 0.5022953022275662 
96.77240482867684 -0.05750662460611483 14.694613747950273 -1.0292745517481894 69.89219940993081 0.07575746870272448 56.311869925290516 -0.8977057408397993 27.487629216837735 1.8245126237313825 50.13999505017614 1.0714929449575277 72.40367405100025 1.3155802170111817 12.772406980630338 -0.07019331623378441 
97.99041411525043 -1.1176179301637457 16.054069244573846 -1.8546180528975076 70.3889369993637 -1.9292452889302174 56.51292151325428 -2.2821509049716857 27.03154267621682 -0.9839993275635515 48.42650097366817 -1.1842831257575135 72.34538294697789 -0.7153674529697965 10.4556153899108 -2.2612090641149045 
96.99179833178772 -1.0450911476594262 15.94087304668197 -1.1488333753718938 70.84260318173853 -0.620668293171289 57.38707350226325 -2.4744746085457647 29.08788261137272 0.3688136679604396 48.467876718346815 0.27080109811973846 71.56719994440516 -0.9971094300461691 9.880549573794946 -1.017566838233512 
96.82455136075414 -1.3525574282160095 15.652653861991988 -1.5856329026219227 68.92390364241592 -1.804181974424123 58.43878779006509 -2.685262615443293 25.748423822059085 -1.4830464735509794 49.112842641672486 0.08683551635313802 71.14744456198991 -0.8733605533497119 10.393304694188245 -1.2643144026771143 
96.9498062966216 0.018370545646380243 15.564221857432546 -1.821434269793531 70.61958703555499 -0.10144814035890426 57.53207204219623 -0.9146901817483369 26.616470886446606 1.524185558518767 46.90728705325406 0.5921695435159985 71.58796459554877 -0.6758920648371332 10.413295904395396 -0.5115269270398343 
97.59273590973848 -0.15331294949031804 15.236437136420404 -1.3761319801367036 70.32544438601789 -0.3372601959703703 57.63296700923652 -1.1286780972746406 26.012295896420724 0.511693520179308 47.241899642837986 0.4540386191238803 69.74619903746411 0.10388357518218251 10.275758290032876 -0.9851523858886324 
96.10067597006723 0.43148731422458325 17.34198980130091 -0.3988997331349219 68.79954850936564 0.2247774181172159 58.29352225690951 -1.1878958512393654 25.23847748713279 0.7949398286960444 47.991246306251405 1.4239056756856217 68.46637990286928 1.1107303543062954 10.637949198213146 0.3131075952884097 
96.95002095607606 0.6182970488462987 16.264689509799357 -0.5194022664438005 69.23429434932395 0.5788878532119006 57.68350516269674 -0.8804355539665292 26.627402069602716 1.7005284664785851 48.541084592538404 1.1064150728062672 70.04480066319887 1.1239903173430115 9.935033420366583 0.4548561185919086 
95.50491488059181 0.5391597391814362 15.051908499904503 -0.8879570907959503 68.90021795212489 0.4728182159254648 55.93435192928125 -1.4533473426800265 27.288656934286287 1.2951342073738008 48.61104330716303 1.6784659819764285 69.60774552258827 1.3003894183366436 8.374249666391723 0.6413568793218095 
95.15405396424951 0.8318039566611154 14.322586370893761 -0.8764687329486182 68.15541679996869 0.6112512040042505 55.94310145776677 -1.0647076372325532 25.737049574540084 1.5244492865802437 46.29547071742872 1.203323266518764 69.3515708895697 0.34825016431670863 8.073200710912623 0.5003862101868923 
96.85886195772692 1.912136504774895 14.214301630219767 0.7187778982226404 67.32884504159846 0.5883920069224473 55.77220321642504 -0.6942064574001812 25.239264677224185 1.9017364632669056 48.951368369231794 1.075146924040846 69.79787647763028 1.50894066674086 7.582311431766422 1.0708555220506462 
94.33501376225249 1.0532514285686299 12.799661123031106 -0.4417324113379899 68.0036267754138 0.640131814967937 56.34186809122162 -0.21686082520861188 26.390258578473894 1.5572056416026003 47.454225624698886 1.5455057494922062 69.53403208059423 1.7622021244764852 9.342328148196316 -0.03478727169191076 
94.87112493393357 1.1877798880587314 14.369583722978588 -1.16350878838582 68.22179765362351 0.5432263801773658 56.36198126568484 -0.6143198719791538 26.382624038672013 0.8389352154010077 47.882907867367244 1.125266559772856 70.66776392237895 0.8690045034334389 9.19135238564434 0.7503022194419834 
94.00820884476937 1.1680082299541157 12.87419437183853 0.7772694634982206 67.99552415932814 1.6520257522379513 54.32107870301025 0.7944647316187105 25.987115311466155 2.2092688118350186 48.588483890935365 2.7217933893119923 69.84278279435068 1.9456572047115497 7.308564571291386 1.0814313443891808 
94.17824723474074 1.665400785489588 12.144657983767948 0.2634733798290281 68.05247472690259 0.8766330921449579 54.95185874017564 0.5057830922605343 27.21886210691386 3.1183373509761716 46.93414634731614 2.3306074712261053 69.95769396010913 1.610229911818135 8.119423167886415 0.9429340306829574 
94.18879868590093 0.8478829476685302 12.06439424567765 0.407015530405174 66.70201585925166 0.5917053853217651 54.137652198450056 0.13436451820419398 27.799852502007372 3.4067101397385 47.581325921688844 1.5285529335772607 69.53513974456968 0.6345032216776815 6.83858730098859 1.4200181334062547 
94.50688670677485 1.7626440200610607 13.298234329572312 0.48741848249506353 66.121639044845 0.14744254036847404 54.291585485368365 0.46191247375685673 26.320810324135817 1.6235183392231587 48.042317216892634 3.486105347467948 69.04413926187296 1.1139593753126862 7.122607110921739 2.7648892064303716 
93.72986380073644 1.1192773027436012 11.367702464332599 0.5344659785018553 66.97299908468776 -0.07986833599364362 53.16319929467779 -0.06973050189104912 28.200496769168964 2.7750030872807576 49.07494533586182 2.6398340124716304 69.13946371158187 1.4658477624120998 8.109290538516134 1.6848897772966147 
95.8766723534504 1.4760619321906479 13.123770414331867 -0.04372215920132366 65.42728710227058 1.323130530114576 53.17148695261566 -0.7844733814705361 27.46955028610458 1.8275541873801018 48.90631010012236 1.494968259446606 69.64817821577678 1.0027943552368352 8.260068833916119 0.914336185720809 
94.45178116184867 2.7462618294912446 11.747087718952299 0.5344293230090679 66.76797046756283 0.48186586184071734 54.301607623607275 1.3045307103907908 27.75083677036063 3.0950775517235427 49.567159068698814 2.9557063876577936 69.52702306437777 3.055370188629534 7.214977719141077 2.4633396528983496 
