69.93561970692303 4.253800995633763 46.86883402025398 3.6256940414912453 32.541074290480665 3.0751208942236636 19.016154768732424 1.5972185697434151 36.81334301844816 4.815186538748157 
70.1562472891961 4.21287264227931 46.91791261354739 3.9621385109423417 31.978586736594412 3.5299047484026294 18.765645191622067 2.452099266050558 37.320749435879414 5.243810978759435 
70.91280308315292 4.246418302568195 46.309972769458135 3.6243442767085803 31.009724236783303 3.6589078990124504 18.93971213268132 2.0099462523510585 37.68672053579562 5.004749064462221 
69.56517420723412 4.956840746810059 46.00834247277454 3.960561303491774 30.744275139052323 3.386902499667313 18.900562672003367 2.141038068700991 37.47949960669566 4.510136429338061 
70.11402568224425 4.474363280861349 45.76399601083044 3.5316807816627374 30.669990808233294 3.532530204652365 18.57822647913818 2.0081946055308957 37.780127224191354 5.538434462352407 
69.92218312189982 4.3016114293447405 45.307777775008645 3.889010053502383 30.671680945555302 3.5139653058851463 18.24170604581626 1.387449254225606 37.42988388934162 4.962106289111871 
69.48452217301178 4.434558366243358 45.3151582379039 3.750841471456905 30.61120398064965 3.582830323105795 18.55740516055582 2.2508567609280523 37.84837381077471 5.467342444504604 
69.68333031858845 4.313994997692105 45.321025220782175 3.6532860864322974 31.186558221119746 3.453572925549408 17.93308154704413 2.562941898337148 36.62261362076712 5.758992764312677 
69.7264581122641 4.116453152957494 45.20885036711857 3.3370973723724866 30.40626922757895 4.1881512238076475 18.28510795149139 2.2161511595566292 38.1558499389946 5.4134057740439046 
69.85242395229864 4.6402270984373395 45.69271078773609 4.311056120695685 29.980459449915518 3.2089916040453064 17.295609428255716 1.7901939446191908 37.196211437078034 5.527575159000067 
69.86772404740323 4.627958488740586 45.162807401782175 4.059217297137551 29.486526534372924 3.4932648445326224 18.146927860266096 1.7811545286471502 37.4797535946277 5.249885943393196 
69.739586158856 5.765576673508873 45.080007358449215 4.708480010958432 29.41275639080506 4.266287461530755 17.772009888366885 3.133121245666019 37.91940839820834 5.639920212349074 
70.02903530686903 5.5641679105475745 45.78475859677779 4.851721077295187 29.234871979514946 4.152860659632808 17.148350229684247 2.8895998442578903 38.30976758953799 5.737275947695835 
70.31992197417647 5.372466933420051 45.54021297615815 5.0941010818291845 29.45415239298835 4.526514314867099 16.955417766331536 2.7977166620230713 38.69472992131528 5.969832487924625 
70.97674868868924 4.780327659276814 44.68531536443503 4.134367933360454 28.85522247443953 3.9655189159304864 16.24579246508511 2.165098676950006 39.00983948725342 5.622505134346485 
70.12218019224652 5.7002125581125 45.08544881879613 4.990642252343018 28.723982192819125 4.734261720154017 15.623809735723736 2.789969117032621 39.74091810294105 6.111998290257839 
71.41078148316568 5.574918592788717 45.165945396192015 4.9281055450406726 29.43016141268968 5.223018773478793 15.312691256271682 2.855145962017492 40.01084045804579 5.587160725010169 
70.99103640333163 4.948689044430048 44.34557587101934 4.385018268588061 29.089274120984847 3.9461288371286454 15.419312950952042 2.397464610218838 40.651978268789954 5.218530324457205 
71.53309491490377 4.856431707953982 45.02341078212371 4.637173523134164 28.846630069576875 3.4310495518750175 15.321584214118651 2.595788395456047 40.08688604635709 5.895627168931261 
71.10245242687387 5.037154254910698 44.9761185908751 4.2412818969606585 28.729914182295598 4.4026585684793975 14.961444012381081 2.5621570433339595 40.77872404458075 5.435144855649424 
70.94773117799677 5.415882359132006 45.120911790281326 4.6720349414625515 28.726664917606602 4.024330018066666 15.061502747057117 2.316482008881191 40.496375454796784 5.510082834428723 
71.36361115184877 5.379858072842119 44.68557618727607 4.7012221366320635 28.27342596453086 3.594474034685599 15.241873032291728 1.9212723937171368 40.30058318949627 4.987228924824354 
71.38598923386976 5.091317605566597 45.09335836136603 4.574046046840645 28.303807770895517 4.2657364158018725 14.83745873048505 3.046560532585729 40.36707789358771 6.126934573535036 
71.51016838640984 4.899074481103825 44.60223209352832 4.453140272581197 28.300504389716643 3.9282784136754048 14.834316509637274 2.0922569073398782 40.78333830615956 5.564822535464419 
71.79628816636205 5.507585899988911 44.50183165227281 4.579231600483632 28.727810455249337 3.6515695259032297 14.080345011220349 2.2439110191722347 41.18099728366349 6.0624971839533215 
70.97585459425561 5.455407682348577 44.880379739284585 4.574016446568302 28.47938905057827 4.1815742343343185 15.180176079027907 3.0678550463230865 41.29621513921821 5.879727782922291 
71.24766232087154 5.829417736343802 44.24615956274286 5.105752152065199 28.259701349995417 4.357259660759021 14.14227950369423 3.087525372591031 41.262979599618276 5.7973872090748735 
72.2279471669577 5.200330127651571 45.375377408135726 4.8989384342338225 28.013656444509653 4.527303011949515 14.71931728572532 2.459965404680462 41.76182516749377 5.663934767083799 
72.04476081466468 4.737580597772627 44.59191845456825 3.819379851626885 27.606795115721283 3.3858994484932476 13.856490335333028 2.002544213274694 41.624811039374855 5.047145928379505 
71.22285193262675 3.9082085465945577 45.01523201358479 4.790037097599963 28.432679715217205 4.163901559976344 13.729322438807932 2.369275363711801 41.92171152606532 5.263592417785556 
71.55142646302622 4.9368045732027905 43.97833482038939 4.200089090754299 28.099000578909713 4.301046510741598 13.403783778581209 2.1023060544244516 41.966768827340964 5.4346918036199705 
72.0705445209495 5.038069048136355 43.81431636779842 4.47699283770903 27.192499115477187 4.599397115369534 12.986712126584145 1.678880901275596 42.062376141798595 5.1930503260922904 
71.86610413722292 4.843726418523992 43.89736454697903 4.547458018048047 27.92993399495285 3.6643998933889765 13.26208296489324 2.1113435082979697 42.57963858181223 5.097873492281653 
72.16039126820012 4.8356664820797 44.08475342102604 4.269548394227591 27.445831856173317 4.084924598495768 13.419285150113687 2.339890442687972 42.38241473714393 5.015384453088267 
72.63780368700503 4.379240931229034 44.001731870835364 3.8453515293437652 26.823078935315976 3.4329864079962467 13.567401544811052 1.226927260278676 42.2404996509368 4.8094634534917375 
71.40891445990816 3.9097284775457415 43.18394929747863 3.2692052285057307 26.15497350918976 3.1992608184391274 13.56535392722801 0.8883762339451801 42.61252793817353 4.3648333269981165 
70.98501848352903 3.754496303101683 42.42901551641689 3.560536799062489 25.842170489303687 3.0683175700229834 14.177931976087546 0.9013267822233643 41.74979389458185 4.440212882603044 
70.81106026103689 4.118728996290599 42.4398382414672 3.0522092857234675 25.827342465812325 2.9396110499270383 13.998392253609873 1.0282466277962894 42.69122325512284 4.454484353261276 
70.74740919561748 3.2929198353501845 42.90793371757617 2.8194672261243197 25.24394248931795 2.238794707491907 14.832743622002123 0.31223113526463414 41.617794567194096 3.686044528842749 
70.63496826371377 2.75617042665394 41.96727410223997 2.438998736535575 24.87688160704428 2.2709991576546673 14.563429348439165 0.6750121882571822 41.356224076780855 3.5109475547645443 
69.94258670911654 2.9773674041309692 41.744453480044804 2.9394129581234334 25.070756715898955 2.1464654751722674 14.946283485900844 0.23204679850428298 41.39200184786491 3.803599859263827 
70.09614666543624 2.9432367637513517 41.889446518502034 2.097002767592084 24.574984922913703 2.239835620101449 15.080107750864409 0.04959990113593034 41.306542717269615 3.608202314536231 
69.78645788602456 2.9371339482017857 40.82581553318769 2.519694141781088 24.343395508924605 2.8373866720852785 15.06841530509219 0.55677003675456 41.36586303811138 3.0658546013030787 
69.16805120542134 3.6692214538905237 41.91797397697159 2.5049156833984676 24.556377262648002 2.015906399205666 15.245838780037404 -0.2993253028622001 41.07754122905706 3.5853635387109564 
69.90960623997184 3.0572632991358537 40.88548815297847 2.8809941035922133 24.379461177046295 2.4991197952239586 15.343919286302373 0.5511741407881956 41.1972247676458 4.3328608606194 
69.79681513107722 3.042762858257669 40.886845370520504 2.461440339433989 24.123325070563972 2.35844844919247 15.992004732981112 0.09154884583143313 40.3904879877956 4.058822123934061 
69.07988483920877 3.0547166335135194 40.57159428017858 2.514688532182108 24.41595277934421 2.6532204392866046 16.979156206113565 0.5199805770568576 40.50647209307315 3.7143890037472787 
68.94592736058577 3.355436574918642 40.860462604064686 2.8101636929665204 24.18803100911756 2.5193880134190905 16.324688975961642 0.39739887183226363 40.725263421370926 3.7470368084987897 
69.16672177189024 3.342804681128505 40.37417685459772 2.9742678435955963 24.155204504775597 2.9671468945180015 16.241539731161012 0.13779542567809752 40.40374253844665 -2.3930865930228844 
68.44572257952127 3.0370891044765145 40.050309105898016 2.807015983557751 24.279145333924188 2.081964624347005 16.578661321981084 0.18534169699870118 39.72278132411375 -2.6062979704208926 
68.45441511063049 2.910658715422376 40.2929875583151 2.4150419009870943 23.157292202221306 2.3298309960397883 16.829480259630515 0.870422818143058 39.29272515928978 -2.530074229927837 
67.96023264627001 3.6385673849211604 40.16381780878041 2.8653087506147283 23.407258060849824 3.2776427179962013 17.53365339850451 -0.1473849396313649 39.42126640755796 -2.0781681545043686 
68.31609746024644 3.628053608090145 39.99006445163925 3.533950453023509 23.187325124121706 2.5755868701261577 16.631916795901283 0.5820600172609506 39.78643531018008 -2.0832872507381768 
67.73030387345035 3.516455925375121 39.54277731769253 3.1865835039826464 23.578575804925084 3.414617238423592 17.04669022136057 0.6847627316437078 39.893143087383606 -2.5597966069986047 
67.9929347305776 3.743163015058167 39.6011015669624 3.0763017069970457 22.99503727088163 2.866464449425422 17.200882530874953 0.7874343564770152 39.994362549991706 -1.87983384410413 
67.367225704916 3.66561934400555 39.85377444920657 2.649787898053323 22.722161112979098 2.7334003326355587 17.0563671253573 1.0879001915978619 39.72640217302119 -2.2262650350237916 
66.73569562529188 4.005115956833373 38.873242115022556 2.3789797477383328 22.801819785858203 2.5710520015149663 17.297310926930788 0.5896883610929811 39.40828019176579 -2.50000804919892 
66.83895821440619 3.582341576036163 38.861776016880405 3.3855774197401387 21.829134463276272 3.2684235430047495 18.10833360273301 0.5746309130100606 38.92306641565084 -2.1591194602467043 
66.34990311933123 3.7269810851584095 37.61286395583416 3.5310083567673227 22.750694308127052 2.9193229477094507 18.016275391793933 1.3177140222116994 38.94618089103408 -1.4370589701416177 
66.76292667764294 4.035514513694185 38.30032265828146 3.491823596853158 21.4358192176967 3.1461446311035814 17.718559360173796 0.8556943374308449 39.39189252042496 -1.6162550736487904 
66.62883214955822 4.132584707066258 37.66692961622218 3.434273962131746 21.589645592064212 2.5311625093414296 18.555615036249897 -0.09249569305761363 39.24930583937054 -2.0552635985689047 
65.88980077144514 3.7219465250625943 37.902239124153674 3.0975992322964743 21.24538563833504 2.7493611415585466 18.31484765129262 0.599125500998985 39.77147729236557 -1.1779975798527929 
65.46842121623207 3.964076770782656 37.68009923329444 3.2296048678782125 21.245142143414263 3.5018563904038933 18.489106616157727 0.33939411064195174 39.41822487631863 -1.9988190818501363 
66.49939454157766 3.8583407011523074 37.374317443093126 3.1068531500561454 21.124717053012795 3.1799302966773704 18.149980773213397 1.3712527693668897 39.14068468904062 -1.8303079607226675 
66.01859537396645 4.44945682258925 36.92173943055121 3.6240132552736304 20.902851717351 3.4842654654047127 18.54841952132065 1.0105381553578008 39.25727886775711 -1.4763561268602556 
66.44022702956983 3.9776775173490844 36.61525204750247 3.403146329989278 20.63772049036845 2.93590516195066 18.59702357129305 0.9632446000106848 39.33866310773692 -2.313730902615224 
65.63995596861197 4.440521429685941 37.09627487877398 3.806634898842509 20.373955991830492 3.615057878391548 18.56332123254541 0.2686536469023775 39.424951766601964 -1.4177354245862208 
65.4822921985481 4.227079288351975 36.77878859428439 4.059562967797313 20.28058198782514 3.3861363726374485 19.038670271389822 0.8032521341928899 39.64559371040696 -1.1330220169059304 
64.95981707748074 3.7854153334865632 36.419235575102086 3.160861457913171 18.83127804493387 3.1962232494646337 19.696461157330653 1.2760099944781926 39.02414162023887 -1.133730209673976 
65.35142621402558 4.500260458667726 36.12592275856585 2.9940047614991583 18.67060918948912 3.2253320748793493 20.245721939340086 1.1532172633545257 39.64875234412949 -1.3835038156132953 
64.70984213092271 4.121060455446304 35.74003413870464 3.7266635416702454 19.094151664586803 3.5951193734993625 20.025480317777667 1.212371930648448 38.809699067625246 -1.1909232318012628 
65.34335348543394 4.249188335241081 34.78906283650591 4.325038674725265 18.67913580412413 2.9475249641974055 20.49798620473184 1.4241577488151684 39.53691972272083 -1.9752093254844691 
64.36308890323416 4.576230128070431 34.7136365082467 4.083226274313195 18.241372271064783 3.9355956988129557 19.962123555006727 1.4566684602221327 39.38765875859064 -0.4435414418122723 
64.70222787425058 3.6715173618621795 34.58789061584642 3.3114031685985434 18.340234428647957 3.054084806746272 20.143122601841384 0.7133469374328701 40.02911777460386 -2.092349928792627 
63.856970916980345 3.5952121684821834 33.93207347056969 3.6320604811883506 17.366111629501216 2.4793845956803344 21.60128445692761 0.11404705730439896 39.393750552007184 -1.9003242380866057 
63.89963734794918 3.807920394406059 34.30976311931542 2.44163313630212 17.206417923270923 2.3752625478698444 21.262994607132608 0.08076237600538433 39.111780758886695 -2.377109055285996 
64.42918466210007 3.291187612265695 33.22584244975107 3.0504323383676284 17.118204273305484 2.619166419727452 21.602044304210295 0.6300006675359608 39.41294351877189 -1.9958448439297178 
63.59543489564315 3.2173975929075107 33.40984643998026 3.059129540956083 16.635832280291616 2.346825478183619 21.677094305474654 -0.45051537480025267 38.546610149480145 -2.57374922435038 
62.73119793402167 3.106403754039122 32.43050286377959 3.177398244054554 16.272980754369776 2.2838970010891964 22.384497988832884 -0.23025027308966567 39.38372568539779 -2.5686672975043883 
62.810502892915835 2.9093812055647477 32.339729984506384 2.739356603322296 16.63075198880558 2.256958109078563 22.718069525154476 -0.15875422595552113 38.302377665094845 -2.674365208311952 
62.09352352496384 2.670160216809857 32.52014205968596 2.5588870732031372 15.636117529518408 1.953641116271615 22.423295568691696 0.41804483833562767 38.34227429745668 -2.8270058545860626 
62.42069007028512 2.8117707276723203 31.45260742679417 2.6698570151892165 16.069984330642008 1.64146445624676 23.2215076239566 -0.7532471001914376 38.25058029798045 -2.742732254296362 
61.99348689233089 3.2814480848823613 31.985849205027215 2.0125929689620805 15.536500642228376 1.4203687421600597 22.67083334808916 -0.807133500311905 38.20400478914089 -2.850483542094528 
61.187060208596186 2.943768419436372 31.779028652414286 2.129552396372015 16.070925456653516 1.6413990177448283 23.20354729624015 -0.04781250047124347 37.764265199280416 -2.215852721781104 
60.78736486024064 3.04118873707535 31.624701039866977 2.0891761229763564 15.139287366771391 1.3600609242835087 23.569141109744894 -0.3444384698304694 37.23272563829936 -3.031629937921862 
60.21605022517888 1.9882678855984708 32.22391138547801 1.7572476655726097 16.301017511028796 1.7204623152183407 24.134392394895997 -0.46867252098871925 36.62817700636341 -2.994377185928862 
60.00560861216305 2.2471170722195803 31.125394783028483 1.8561340563284991 15.059452853489734 1.1240235633725668 25.08061572551948 -1.3870707407636749 37.0005291478343 -3.39476022445702 
60.657504885540426 2.177144364520088 31.51052270819089 1.787368346423114 15.655656234832987 1.2506765542635208 24.541213637150136 -0.5050354184773421 36.48099467134943 -3.604865850231947 
60.2584905052432 2.0524070516050514 30.966395549199525 1.3973602122819948 16.086661929404823 0.3022617211595173 24.478937558661094 -0.8350896521289621 36.46740571754264 -3.094257827322566 
60.15107124955747 2.3892837820122095 30.78599405298134 1.8913707892983145 15.616516115451212 1.7066734804681767 24.025273721350093 -0.9964866112465283 35.679425206074306 -3.29230233728021 
60.1135157494648 2.3786614777814132 30.894630839019392 1.6184467399382305 16.036429869530238 0.9901815929321882 24.6066291201455 -0.9826887274887595 35.54955481175255 -3.2220137560482707 
59.982263966543435 2.6174727394479245 31.435703925311614 1.777137089630943 15.837199383194761 0.7021111602032625 25.142417422327153 -1.0890914235342661 35.49420838334869 -3.7221422302148994 
59.494327454224425 1.266469700390628 31.45410099947827 1.6275870529620984 15.760440278288462 0.5790275226588159 24.708707878504377 -1.1863339855781527 36.130467632479565 -4.038597243275687 
60.527078562258296 1.9692359973058462 31.309852144880196 1.0240945026966863 16.39698489645315 1.158609052827888 24.584716528117422 -1.269336682569614 35.24052839374286 -3.4118563426946706 
59.83708287022417 1.894973563517863 30.54815794428489 1.1831196370941401 16.72517356505837 0.7677232293651954 25.171710145135535 -0.831688632548905 35.66832927170994 -3.415134183107124 
60.28937011807271 2.12601639479307 32.00527366441492 1.5506587639142717 16.445042469474252 0.6599679362417996 24.63963944536115 -1.5196112425499306 35.068839550762114 -3.181024303068739 
59.596309244605365 2.4664176259691875 31.21588511146455 1.3786022240426714 16.5842080257882 -0.0072435724947466085 25.153913537903808 -1.098937002065589 35.10294812035866 -3.6236372399595336 
59.88771180807679 1.997516629772643 31.12268601806369 0.8673111224425969 16.5116153747483 0.9738016476917858 24.837328296626968 -1.451514400267428 35.905980521137735 -3.56414455656901 
59.566167426610996 2.194150586585359 31.53250943868656 1.1448368731115295 16.474214589079754 -0.0029751787752678727 24.700709164027852 -1.95568100516175 35.767389694383226 -3.442550031851861 
59.36043159990012 1.290306660091535 31.621633486200558 1.2307849449116506 16.587338285866416 -0.24002837774159036 24.442049596742486 -1.5721168676822037 34.88774234182242 -3.981614388245636 
60.23020804328566 1.5633201510874466 31.533896636490944 0.22067668989543776 16.750899477451863 0.15753508725371237 25.56346088151738 -1.9072013188371038 34.411981130042314 -4.2008294656205605 
59.89246133450663 0.5761706152735788 31.836269616179123 0.86346654704865 17.331108183865183 -0.29981159451247874 24.28185745490515 -2.6534407771035813 34.6213435368805 -4.3265703271922025 
60.218676799995364 0.8856684607969547 32.28943044192394 0.35894392956125276 17.84329527715946 -0.5601334964614894 24.774990440251347 -1.5560478677053868 34.53960232977575 -4.677316434744097 
60.521510608307246 1.4232284544874867 32.97242586363339 0.12412445790073989 18.32348127660084 0.1816532710796288 24.64913066843932 -1.2610732476169426 34.678688528182136 -4.710273885346577 
60.77176459533463 1.2883893155981945 32.61358620767104 0.5597496315047594 18.12158404490089 -0.3742430665032057 25.299777450913645 -1.6619985114499356 34.79641717675808 -4.496162471616878 
59.98025003521443 1.3789683282286749 33.017261999695116 1.0841291838357536 17.763034914382136 -0.5744735248998535 24.27335790997127 -2.3064381201778104 34.39180492440733 -4.3120216696218066 
60.58617434514844 1.1085710488916964 32.92026755379777 0.4487524956203984 17.79164107256974 -0.059622072358107917 24.63556883799674 -1.5481675853811385 34.71375262546901 -4.2869097348774 
60.1475523521879 1.6085958825650857 32.485524344755795 0.29701598109169974 18.062646158161137 0.036231006623535816 24.531502944169723 -2.3228828877198424 34.178512180388836 -4.5146236387805585 
60.263054479112895 1.0794027828067665 32.23434837491068 0.4629128926690178 17.03033720954859 0.24372865792227955 24.567993649985024 -1.1766547151821725 34.17542526300636 -4.602701643193285 
60.22400534622784 1.5231751989189612 33.30637575744166 1.0220953152176593 18.033447365178063 0.15057548175307142 24.139567820739984 -1.0272258087554147 34.31225461725494 -3.6833076691965525 
60.5229202354489 2.463158226109903 32.79866425236929 1.0661837095998006 18.75010673373409 1.3496847654656077 24.81970897965147 -1.133979091196498 33.82835288158535 -3.494077763336854 
59.86516947659011 1.393027792865257 32.91040370133451 0.6396558863523742 18.97732213782386 0.7059068284440605 25.573701037482934 -1.4292950048736741 33.528887041926644 -3.5128429498907887 
59.428601358744594 1.7698860742834197 33.01282692541557 1.5936227019330107 19.484888687221357 0.5855095087695464 24.721304380329663 -0.9545200541393974 33.61711368309138 -4.160243141901062 
59.94350034360944 2.2543005337414903 33.083921001264216 1.5365087486560727 19.242048530405036 0.5194705779129208 25.158482215511867 -0.9652210861282441 33.39914103577563 -3.464545101026504 
59.98064148593377 1.8366969713649657 33.12235278660214 1.224192022186591 18.75172530540999 1.0931006564542531 24.59576256585632 -1.26940360249957 33.456916808237665 -3.984558932458548 
59.80878593016362 1.71093723630947 33.751442805503586 0.8505461003589957 18.94884534417668 0.8860372040849376 25.210465953000046 -1.6003949145582839 33.259635752426355 -3.849189467719154 
59.49188142093023 1.541679747598905 32.7253859320043 0.7092621896637843 18.648902969894024 0.6475577505850155 24.714286736430758 -1.1149253954184057 33.164234039797684 -3.563742326692378 
59.8874263426899 1.7064023622493474 33.538226454082356 0.6128451687011693 19.56030562144286 0.78460231571667 24.66340809004716 -1.6350002054900274 33.21469895681333 -4.157399815263259 
59.481894948132776 1.71064565677297 33.73555517372646 1.243197708994748 19.54905254611697 0.06429722696497542 25.18532158242189 -1.0030053607664164 32.57571892878929 -3.5472393181340856 
60.17475143531366 1.6811279391339442 33.74347692229974 1.4363148065533442 19.584579594894702 0.6444459299592113 25.20703271662274 -0.8305811876583081 33.24796030645533 -3.8121768780304723 
59.994531731666996 2.201575756433595 34.13692731261164 1.4491145694787169 19.574845378128558 1.012290431486515 25.08894161930004 -0.8790191025620169 32.2690029764593 -3.116880087165918 
58.920294109198046 2.428321361301349 33.08333990679044 1.8059514131433172 19.83164682212307 0.7345571140678602 25.671684247297886 -0.7225825164824431 32.27320702818241 -3.216613670797713 
59.97589964584035 2.164307595555574 33.41420797337923 1.5710751043539624 19.823490943613336 1.119850916700908 26.125097521756317 -0.4607647076196617 32.20345295162256 -3.267444451829623 
58.57678798352057 2.952487954272926 33.09911930658674 1.310986140425271 20.334174392787247 1.461271325914234 26.124643273070404 -0.6726468188076961 32.06994840855006 -2.977705462345903 
58.85189249281691 2.4638690184101852 33.322416944396096 2.023474270847611 20.590010605217813 1.4356879966823208 26.40907561726545 -0.12081028925293613 31.204451130214277 -3.002526821171964 
58.66533562040882 2.9502894042082657 33.594652938826904 1.4582743166687457 21.021374778851474 1.157866931308744 26.27420143007768 -0.9906182083303823 30.282105517858326 -3.224840158150086 
59.24076767125177 2.370856945786064 33.44055412942272 1.6000940156121963 21.33576233212523 1.9648275305547331 26.351583011862836 0.04891985599216958 31.31016742666761 -2.6669087177896023 
58.094285202954964 2.5742215012078424 33.8044793834134 2.487085020857146 20.697730296983334 1.3573741249999884 27.30407530083434 -0.5645387322939017 31.061219477516907 -2.8889798768367676 
57.9193291162544 2.17972731869041 33.544085574878494 2.183226492264562 21.051074807683065 1.2193597808988337 26.459350407232737 -0.5080165945632074 30.090536916661012 -3.098077835362531 
57.50078373148197 2.9980173898181506 34.22588978422167 1.0277496592402733 20.430879676528853 1.6113974061783496 27.2440714150519 -0.4251533557998096 30.136409708666253 -2.7745690122084774 
57.47787273456814 2.4138493197145086 33.49191542225463 2.0589482788067968 20.748248285984964 1.6705128934736697 27.55145157689095 0.040861149818268494 29.26684777507908 -3.1670486067311843 
58.26492914136793 1.9521243334367682 33.71648402170457 0.9299714615177287 20.01397263735958 0.15337935229906596 26.96629849718549 -1.2012592233681074 30.8075716559877 -3.6557054954913233 
58.09732226423303 1.4384709179939368 33.28566257251355 0.20746139732349334 20.91515993797531 -0.14627516401869523 26.94154146563676 -2.143281332209915 30.158131596839024 -4.301611051439907 
57.997343949002634 2.412659735515304 33.4302013007936 0.6494517845108756 20.802683477038297 -0.11836848660605487 27.40151416027194 -1.4013801052206072 30.28592478716166 -4.292362905804139 
57.99996950916793 2.607111020176826 33.333315260549945 1.0837888300569232 21.314000399959465 1.1698461276582082 27.530192240857268 -0.6281188070306163 30.00047611682696 -3.05404573873573 
57.96531686972479 1.9523643315019206 33.784848819618745 1.4419894542619613 21.091270979500987 1.082974039969334 26.538239969087567 -1.135520960784949 30.469065309800822 -3.6458958457961352 
57.69504763471293 2.706860874376125 33.978393200821706 1.9607791978041802 20.972000477342057 0.7071377768093126 27.712973085957945 -0.5298292830094773 30.100781080112824 -2.9351197221158416 
57.68234687846668 1.969557865066144 33.91764083833869 1.1817016229205761 21.814012404752493 1.007895242639158 28.05701021287325 -0.9275030029586344 29.733990836298368 -3.3434422366427134 
57.74880125880485 1.7188941061345302 34.010333882569256 0.827114459552979 21.60434977379147 1.1132851146476397 27.379927955946574 -0.328188962127409 29.120372398102962 -3.7712323931822387 
56.76498533675474 2.2932243878927 34.04789492647633 1.1539491133471695 22.10790705851717 0.9528727052245253 27.98920892478718 -0.749261871989187 28.984306839433657 -3.0039694375252033 
56.99693740956848 2.4180979900083877 34.49827179341016 1.447189456298799 22.157614167671124 0.7168301068001739 28.265097097152005 -0.7773647017475166 27.761157407590634 -3.801242007748545 
56.80773496204154 2.219136711873783 34.12288630885231 0.9568778327685172 22.57101086496957 1.0986214531988825 28.44413991443384 -1.4616140794733372 28.291229896352355 -2.953960540717872 
56.92605531232879 2.20805665263506 34.12010556489276 1.1820805981080607 22.22891919337305 0.6764533258212659 29.043398890153785 -0.47146031004052613 28.614317498828232 -3.1121317799824215 
56.54425356604166 1.953329151163109 34.04757846354777 1.622337832618241 22.433707474370703 0.40181167463541706 28.73642449087392 -0.4756111465786307 28.038415989590778 -3.6814215607379452 
57.53994128441349 2.0458425060220664 34.575742499547054 1.0097979518639826 22.46294500357986 0.7161492165808133 28.851982645936626 -1.060296873769434 27.897983419577457 -3.5101629583114065 
55.932845163615006 1.7402036382435335 34.60820164566653 0.8781067436113779 23.192739892895954 0.33614404871641185 29.73324864130867 -0.36403076772020054 27.532310750414467 -3.0933398669413297 
56.59141167606059 2.253118780932564 34.76841716254019 1.6574347306330186 23.055495690186895 0.6472681977265454 29.278752274007324 -0.5766293978568953 26.620260393184264 -3.003232440931965 
56.16372628663499 1.8886694832989535 35.375445464971385 1.2205252868701153 23.748167675469304 1.6342094144116928 30.052676276633402 -0.6454514088466685 26.526012370712994 -3.4166171744226954 
56.03132660960104 2.4628502984562095 34.70250487529923 1.8046190138121538 23.294625992083613 0.8973466545555229 30.29726639537766 -0.4740569692177555 26.844424859087034 -3.5778466984944006 
55.90458104495145 1.9147322497147319 35.051286792000006 1.1105627840293182 23.975357149035734 1.014040404123715 30.553011131059613 -1.2059482362124976 25.911903648120806 -3.145961427636667 
55.94292839919515 1.6001997406507706 34.431622517835784 1.7009443132718332 23.434142688559678 0.5862796281423528 30.621271803329474 -1.2243208597126354 25.710729238971332 -3.3038107134414267 
55.695172501338824 2.52967501072555 34.92439209372845 1.104117256917035 23.809184995532494 0.4271144418809387 30.730321636038216 -0.07730601850803975 26.207616539284015 -3.591954513734467 
55.895064086584426 1.849035271568395 34.79056522455486 2.1189463850861254 23.737538192700143 0.17659485199866654 30.03900761963319 -0.8515913487470992 26.003367157702726 -2.66660124332952 
55.64965898513646 2.355600380622757 34.992898843571346 1.6564767363293742 23.521135076722786 0.19055162779655455 30.68003371056287 -0.224615404891161 26.275739656372906 -3.9129460937804548 
55.539269069838404 2.3232175561422577 34.69890852320827 1.595304302275826 24.334116828870798 0.9483474800478859 30.942563036081463 -0.873926213763797 25.396254019745978 -2.8336448068078472 
54.579707860227614 2.9230508760720464 34.54342758010007 1.7755189252863777 24.35159299277127 0.5359245924615195 31.136897775926055 -0.335667288664478 25.226943029139715 -3.416131464989691 
54.48844083668792 1.8313903547561097 34.49585037961903 2.2766520318433905 24.70183125433433 1.2852828460193217 32.09695831515907 0.5771555885841662 24.075654152644795 -2.7853480010886122 
54.8837577156132 1.7088606917312832 34.36057150500641 1.623814984266235 24.95176731356083 0.6741300827651852 32.09510318792793 -0.7043628087036737 24.677535041165793 -3.8035605579445124 
54.787121725556425 2.5150615617354495 34.87838798874679 1.27178240922467 24.402167392102527 0.555297696772278 31.968713509090385 -0.5301225121240908 25.14167932192365 -3.262282238790482 
54.512531656119336 2.0934929595221017 34.7865971726374 0.9021329801881888 24.377145157978504 0.7720302492610072 31.958015835819374 -0.12255921114792856 25.12334362423644 -3.7446505141935607 
54.465473159260476 2.7705955974547134 35.13139840782539 1.1462018840189385 25.616383612826816 0.8943418642094384 32.79112854056975 -0.4522763050291652 24.546313842636884 -2.8833039460986134 
54.40569058076938 2.215254488029704 34.74076764167249 1.522375018023326 24.64384388196279 1.093670408300431 32.16399524233275 -0.5614542231282673 23.970382563541538 -3.0441291095887246 
53.89894117003388 2.670496226521042 34.85827622702353 1.2426416109519245 24.337935039793003 1.5149626876278832 32.23649480124188 -1.2584400469584145 24.237652889074706 -3.085496438653279 
54.041253218730375 2.2503286332659678 34.589733990445254 0.9621771766400475 24.829449361171676 0.49856005853844076 32.88279964381405 -0.9333171508283394 24.223630072662523 -3.686769631604666 
53.97658227928415 1.889703981035828 35.02587280333676 1.8588573031809297 25.57715903352911 1.000460548082091 32.72528521033965 -0.7601674376019512 23.292787968757473 -2.8090781346781295 
53.620331520834775 1.733601495875063 35.26181324914712 0.7679485144391353 25.857661673894356 0.6278321545451714 32.61514448341574 -1.2935525952607767 24.100745248576036 -3.3455633401261506 
53.483733186657965 1.6263084274871233 35.759598475491906 1.0549434451219213 25.433495025411244 1.0218498683383046 32.94992120588455 -0.49541010497778026 23.259912729825505 -3.2376158843379863 
53.541506488194145 1.5140009776233334 34.8241044447785 1.1218607230161548 25.36221901189591 0.6892364117460823 33.32950396107105 -0.5239770506522922 23.102582144371432 -3.3566627776182862 
53.88089098196363 1.698524609733215 35.16362847257762 0.4430439335776125 25.98454547773321 0.45652783526382906 33.55994262101338 -0.7797427783443178 22.813668256979742 -4.189466339020002 
53.876853417117545 1.8484417471036854 35.094120440445614 0.8924738051419432 26.18158868758737 0.5257983628762658 32.94181290890054 -1.3211733996498762 23.148969962772874 -4.136441490504256 
53.90500721007777 1.2824627566482014 35.698581411331084 0.6097212685883654 26.63506041110982 0.10606253977256452 33.90036255783799 -0.30370851740927296 22.155087752395264 -4.0749665046291 
54.00419207868923 1.744457532985889 35.286853316576526 0.9182458560606701 26.41987987932423 0.14910118745107986 33.25255256494617 -0.8656951491678448 22.45885592834957 -4.007528767943753 
54.19401753110053 1.5133149746559922 35.99497275554767 0.7366396807083712 27.045229146090122 -0.662432112246894 33.525517284162206 -1.0797212663263749 21.943394976419434 -3.891890089121248 
54.06242128671369 1.3292137775163446 35.63016135438571 0.48074936366594645 27.112634782973327 0.2555626881316203 33.43492078018207 -0.9172088107526633 22.916225926632237 -3.8648371087103626 
53.37356586399095 1.1727792851309977 35.981042355827995 -0.2661653657124883 27.05036681605195 0.24993466309525136 33.31658997423846 -0.6847325172483931 21.786018329781438 -4.114819326534684 
53.821180317576854 1.2525425235760443 35.97171687923618 1.041540935714643 26.716912648397223 -0.10336026184414274 34.274138827330745 -1.5358448528995963 21.938562419020798 -3.7870297013959036 
53.36533271870633 1.8073854731666392 36.1866582488393 0.8574721664709625 26.7803605339595 0.5506994565479941 33.859739215542135 -1.350994909947619 22.294327684339816 -3.455404056793583 
53.64409218290339 1.7358550977876979 36.82054445861171 0.713904165177107 27.09200542295912 0.2524014429784558 34.09148618814365 -0.8683487459651948 22.078433506859934 -3.8543960191505686 
53.867757036419896 1.0983973195854655 36.741476460264735 0.4398116603388617 27.517843188629804 0.23383516625268969 33.84526574271359 -1.3718355825084707 21.52353870352746 -4.602098388121895 
54.00715320322216 1.6997149257812723 37.3668546364216 0.3248494986040449 27.504929493900804 0.21059587694407644 34.894943185897965 -1.3444230425759767 21.956416860045337 2.1326979253962386 
53.66390318069174 1.8703573374895641 36.998557885104944 0.505439796918647 28.029018802036184 0.50736459232219 34.615962052007724 -0.6997694259049656 21.45464530816061 2.233997805799011 
53.63280337858002 1.034958253807995 37.919845461011 0.9012775516383189 28.367893171454188 0.05027475405063413 34.90835685261281 -0.3432123206849541 20.735259103641308 2.3195978802696 
53.98295422833428 1.7335601942316192 37.757767349430985 0.5667908061992685 28.35000459927835 0.14227088929138054 34.93310057530186 -1.4590445873881928 21.14505602472345 2.5286950136384103 
54.55684335966495 0.9090231925344178 38.74567068863908 0.23473405571195882 29.301413106966006 -0.5445567803678499 34.35871074363032 -1.9627338477073235 20.81844397921562 1.817163414908706 
54.01406602351509 1.5731185540986337 38.099400644163595 0.6475945475149198 29.27087899082249 -0.0792008007133728 34.396932022518484 -1.5419315649882672 20.446675129991817 1.7516078974888032 
54.0904561632623 1.5348302556456164 38.154254897477315 0.40737290405610066 29.972507364481483 0.5393395239707266 34.84724591835443 -0.6684343645277848 20.33589640532254 1.582516634859689 
54.79634695429567 1.5557876485940643 38.31326039378056 0.5573086923894015 29.373364424299997 0.2230271250773141 35.049352988664715 -0.9086090204529027 20.805961316576703 2.9587084516149904 
54.33896676810448 1.7447883653256813 39.01134532765474 1.5184518042504953 30.02216216930161 0.3699869019538245 35.6648306579555 -0.5198449519147817 20.99840414607826 2.681914174546119 
54.28388449438678 1.6626211955623411 39.249020497289614 0.7968814895676994 30.397658312433528 0.5915503658938093 35.509210024994935 -0.5840844798595897 20.108044295219834 2.7027472166797617 
53.81205395748174 0.6573610305502489 39.478673135122825 0.5761855817271173 31.409928868872864 0.05936221206256842 35.877024450460254 -1.012899531433868 19.637715012709617 1.576798187378099 
53.916289639267994 1.4195809130593655 39.45278700600295 0.7492324826262011 30.91667094074603 -0.38100995995427356 35.5746477700241 -1.0749677953953347 19.89207451614946 1.8884356999096867 
54.07976206290483 0.6786653271864579 39.51302982973467 0.38722239969441935 31.488085172762155 0.17887615867717505 36.46569126787455 -1.2242493918460249 19.707579589682556 2.1917813929263943 
54.4649896560365 2.07580772384096 40.26693933369196 1.2774122816270927 31.721902271837525 0.3972914531232653 35.98204372782268 -0.8184880177918095 19.117906590852193 2.3664693420120786 
54.30576441961965 1.8108401380739756 39.89972672230544 0.7471207200038164 30.816346543577332 0.6809824487856694 35.196561224203954 -0.5001415087027604 19.846236494825593 2.0138237435223485 
54.36183880135322 2.0742764057913434 39.38735522526208 1.4157726420352432 30.359670853079816 0.7519367846071623 35.22410937375798 -0.6855717685231455 20.462662648096384 2.331931703670388 
54.11194291960274 2.277856039376447 39.05131411851211 0.98403018601876 30.67320763907196 1.495886303804228 34.739215140081086 -0.5368374877319886 20.94534310735899 2.4573539741042456 
54.7241293766032 1.9305090890317067 38.764920651916604 0.837646409735105 30.045018433823056 0.4950944984117568 33.75350233735715 -0.39841739635215634 21.87426303323755 2.516866604187973 
55.75387226065148 1.6817050434244798 38.64978333250197 0.7922947602483346 29.96333165209844 0.08337593202239868 33.75174187207314 -0.5518242712264776 21.355831857144594 2.269277306993316 
55.385579675532675 1.5770760730698792 39.741903878276034 1.1355501098090488 29.433042364427997 0.7742114041692454 34.178311002303516 -0.7836558165696491 21.193473359121842 2.7566390510109406 
55.39237048103193 1.1019294890034985 39.05109625646423 0.768253308786675 30.836879829249416 0.6220337401441015 34.10944091724143 -1.468102708940545 20.97392017909491 2.4186424250129264 
55.14113826122522 2.1777992523696983 39.222199001356714 0.32119415041643057 30.48028062049077 0.07746571276585813 34.1710443438568 -1.1583502654701225 21.116340507584823 1.8480298700762736 
55.13787728011022 2.1053925828496722 39.6977764844388 1.1680317328718106 30.295849812397975 0.40084305450336555 34.195352859207034 -0.9806010238161385 21.280909741825823 2.8053132261504476 
54.93752303428558 1.3125124654000904 40.23678224928592 0.4847993708350071 31.023423845847287 -0.3511781090294068 34.77515643960847 -0.7457153497346034 20.815089769034774 1.8752925616010545 
55.373119855719246 1.4073903405653472 40.56355939657357 0.02167429934454356 31.384934130410745 -0.1507937213321508 34.13816778152977 -1.9785704332155132 20.158587188101116 0.9872544539509492 
55.99176813617468 1.0671413192081758 40.87504969128824 -0.5121255259601742 31.936275628060514 -0.3566487169498799 34.33522301021512 -1.8879810639463444 21.377652210323912 1.4721564837121002 
56.20093170955668 1.1291233978494453 41.41351731126132 -0.46439249997922777 32.03291099296108 -0.7645808968785011 34.41206260455953 -0.7129635409547601 20.685672625960063 0.9379285599181535 
55.93784651721067 0.0830876121538674 41.07806728619503 -0.6428635000324979 32.1006595763888 -0.7494612256338308 35.089891138344385 -0.9856517807987254 20.385852375305376 1.8460315810332686 
56.53742624429313 0.508427892778697 41.27330274394933 0.5314532415280788 32.18818100342147 -0.46817496683749926 35.056998238695435 -1.090686826227107 20.679244032982528 1.6190319275434253 
56.10021008402547 0.7798080832945891 41.829199555194606 0.3738968795598304 32.96858805492553 0.23074125913116583 34.319106399140345 -1.5826152001588498 21.315414002934933 1.7888082883603154 
56.08492930349955 0.6973960965692276 41.66511583604932 0.0709038880831645 32.8880259762419 -0.7243675553271407 35.505240171882555 -1.3636285976582885 21.397140934346563 1.93354266719617 
56.69744606188053 1.2702938050828423 42.07805657918645 0.5394790343555909 32.87761954268161 -0.25544282230062576 34.40022431639899 -1.2448382653053622 20.75051337660818 1.9941870514185525 
56.293691317859206 1.0495721178894852 42.201290955313205 0.8697059054319951 33.18278018423756 -0.38826865890996987 35.063233054505744 -0.9471756720973082 20.83354642606422 1.7355831989778756 
56.4609546619151 0.8793607756796202 42.43654495373745 0.18139775278753562 33.55989826394205 -0.11497348244098461 35.43342177767202 -1.4281654274495512 20.224774457507742 1.6041977817395798 
56.686033183883076 1.1090392289947166 42.085397277666324 -0.04896411654361554 33.30203105815969 0.026768830458989923 35.92644448931381 -0.8952009072998259 20.80173545279696 1.2811600544675215 
57.382374041262565 -0.006492690385042688 42.74982732123341 -0.10029209035306808 33.673814156411574 -0.49817986836797157 35.17849127526691 -2.297856332094133 20.847266917831416 1.0025650833792294 
57.58823535345801 -0.05449493309540265 42.99076111045743 -1.0478439063320102 33.998113049888445 -1.4448951910609535 34.555530176454624 -2.217822183708659 20.845457522368417 1.0393556993134427 
57.70353630896849 0.06547420825866224 43.83913349468273 -1.2476863011170147 34.57579170032454 -1.211525359588473 35.302350054451196 -1.8885410920551342 21.02307325536619 0.4163111837958204 
57.10712759244067 0.13772779795562465 43.43080874112294 -1.8197149202536251 33.73598796838103 -1.4698513112187992 35.17133466255036 -2.6689306425167763 21.465918790737387 0.6337586337566395 
58.12779783476942 0.20146258708433407 43.62706088007566 -1.5441438621624275 34.45393190852951 -1.5385703097183263 34.442080378691415 -2.347991820245988 21.476740239313756 1.144690679185138 
58.3874013352886 0.13184045340527614 43.75982233770881 -0.8855128546568422 34.5130879648668 -1.345329901522654 34.39158358766479 -2.576479703021855 21.611073650488887 0.5583078495136086 
58.68591990491227 -0.09649514945728992 44.04789508311759 -1.0741468032208261 33.89026108605945 -1.2259346468488288 33.89469007405799 -2.154857726354729 21.83691350157568 0.3206360848451014 
58.708842207829456 -0.2449552741486378 44.464562831817325 -0.741628641292314 34.339009753004106 -1.239804924860133 33.81353042353862 -2.259513760581554 21.652463486280954 0.9248500341851948 
58.49502722714725 0.047402392949653815 44.18506360078931 -1.0561745887061762 34.06486788842057 -1.7557160614590814 33.62869460492198 -2.3882298714601284 22.690279836331815 0.9290590974256399 
59.45435719526664 -0.5727228612868352 44.94996309830865 -0.17075207069002152 34.8263581763606 -1.213277610834144 33.56081331366951 -1.669968910480217 22.629892873092466 0.10736986507793211 
59.57719189041608 -0.48232394911362125 44.4521789846662 -1.1123040978571561 33.658914979921434 -1.2848190974660139 33.47131465798244 -2.263907068808681 22.32320136709861 0.028113503545281193 
59.39955703311357 -0.7270607741299214 44.47987251800174 -1.189130133653779 34.984482142610226 -1.7869179924153642 33.55894988300432 -2.5407550687117126 22.44212572992496 0.44853929987086977 
59.41943723976308 -0.5916858632579893 44.78306404189822 -1.3514922978877875 34.87772660314897 -1.729675061932171 33.313845592932026 -2.545837678733632 22.64795260875844 0.14959576608840874 
59.936044317748866 -0.02510386437879658 45.34996263049785 -1.1309746779235348 34.55345135597961 -1.3173419593665527 33.38802398485708 -2.9501406038026037 23.243608504972254 0.2276899061491672 
60.26225380450314 -0.16274601639867256 45.32619368593226 -1.3095765347939168 34.90434152633395 -1.2828899047461992 32.57089343663811 -2.374643968798967 23.5913626238224 -0.06712807827018802 
59.958374233998335 -0.1265992692066554 45.6859979330366 -0.8544207046283557 35.126458500559046 -1.777479738391151 32.82014915367528 -2.4247123774567823 23.79817766632487 0.33814948547653545 
60.617823947345386 -0.8478233070218085 45.26758514606851 -1.288431500958313 35.31619849426529 -1.844125096665088 32.699746499833644 -2.2481187829326315 23.497197661714253 -0.09417003759571357 
60.879101526121445 -0.15642810748746952 45.52529519071469 -1.099127105309103 34.62986395031071 -1.6455231564628718 32.73386719289602 -2.0843233346975145 23.58551675394237 0.4676125301691783 
60.89122244158032 0.2768459908508163 45.8243584075627 -0.8359672012578184 35.18449304318613 -0.8338490463218264 32.088657526365225 -2.3662146074712105 23.90413828434397 0.7802399097588353 
60.71427394068785 -0.013111363979999999 45.82612736561851 -1.010678329458048 35.14155293006034 -1.260600335312385 32.433335126630915 -1.6800045316822005 24.3607265898936 0.3497515593816711 
61.85895607820093 0.22580468010708513 45.93910222757402 -0.37033037556978277 35.861177383667325 -1.546143237363007 32.45299343146901 -1.9178581915781119 24.382964829007708 0.9165766849653086 
61.10194921280648 0.050354147707304855 45.817493791364356 -0.28621396749093114 35.26586296568995 -1.2940649648064952 32.81209677307593 -2.602810873983216 24.446397849615572 0.5935337383871663 
61.804616930758954 0.40380131227212496 45.911310007865424 -0.2152179178165345 35.43715052923455 -0.8359874633186347 32.101879725621274 -1.9849034881511851 24.80321294717942 0.7911933284488887 
62.218858001522165 0.06618498037178586 46.3856082034237 -0.523588995123649 35.55275057634903 -0.7306286706866596 32.098330242913086 -1.6694610262635403 24.94232452036633 0.7065627849374173 
61.585175027924834 1.300209001325836 45.09885479971293 0.6963730793275056 34.98444575578692 -0.14271619232945287 32.00992775565155 -1.541421758909105 24.83459553117968 1.5544530639709866 
61.40329012881719 0.8821356914563067 45.300412242211834 0.16688622769953276 35.10379280364106 0.2593312133142133 32.20033733976014 -1.2785414370272492 24.259324997774776 1.8211195985153414 
60.53584949882606 1.1496393321098277 44.63580170935382 0.6684142213188762 33.88070783279713 0.6703758242820305 30.82765913427002 -1.351933224963089 25.0410248358755 1.49662875725332 
61.062797315907424 1.5567075543978302 44.700084169769084 1.4673101965402113 34.41127570784086 0.2992693482286026 31.436996905032323 -0.7447508095851304 24.553935714076623 1.8640349715068862 
60.95868740612773 1.4174383715859658 44.685699017551016 0.6737315968028327 33.963100435127586 0.25887920448022594 30.76962715697204 -0.7780694509729953 24.117343839124427 2.0060140213032747 
60.78866927890621 1.798462723049023 44.96350935505473 1.1672740367279817 33.39493183898109 0.02131199809038925 31.566873621438873 -0.865508557794343 25.296816814193914 1.966728531540338 
61.04049399901239 1.8981562772461762 44.25601368661978 1.3286383045966765 33.515058576347776 0.08953983699043988 30.282992569842943 -0.4585165553306026 24.833959733648094 2.616728088954019 
61.154438891698234 2.194211110769687 44.11260104036734 0.5434018783645849 32.868079987578405 0.004265097732181533 30.740192966055815 -1.3862130540460784 25.13101525466406 2.1811318358113128 
60.936994847054926 1.3621911382664882 43.72873379708583 0.8400660716381305 32.867934984418376 1.0585379653292755 30.68642502181955 -0.17152000838608283 25.544622091420543 2.3482862326651675 
60.86978744317103 1.9250854030437496 43.78002827223507 0.8646514454236524 32.95243895903258 -0.02877208915627727 30.435030943496052 -0.3892755154523371 25.487966273467993 2.894020606927975 
60.92272269598602 1.9933931502548092 43.44997606067136 0.8520768034584681 32.67264852502156 0.8268618829798474 30.715987544556548 -0.4058951292396106 25.318197811554224 2.253882702542748 
61.20966235930427 2.4877222771665624 43.53227915197442 2.547337809966981 31.966310754986488 1.862739438992081 30.215442424368916 0.4770126766308739 26.279171220789863 3.547888569554356 
61.69911078116431 3.2275860074494664 43.958068036486935 2.570888445801199 32.55268700333395 1.937776814719857 29.266111705786166 0.48301527100736713 26.638706387288533 3.8869603490517757 
62.39304012228927 2.5096171401597593 44.615836245036 2.647866327830469 32.473249015997325 1.8832142096836446 29.645346301399 0.7532168663352642 26.65684348475997 3.7751153773242305 
62.302497186019515 3.5212144734098945 44.495570714377926 2.925645880506817 32.66781039907478 1.9920386835778958 28.95028422888437 0.8960146581329417 27.26401056196483 3.5667407517433736 
62.60467268344588 3.3562267304857576 45.442373091892364 2.431556118716348 32.26290457917594 2.1592359090326636 28.873978718116707 0.8932293478998514 27.722657175580242 3.8062588899193317 
63.071338673516806 3.2253806052253577 43.894422515988666 2.7292773838855093 33.34931570208976 2.261285105913055 29.013708154297003 1.7716419375251102 27.622373423062033 3.548040215342311 
62.88601392282949 2.8361293176875844 45.34414420175561 2.7411083516414534 33.188040003043795 2.2071738079851553 28.744225377089126 0.9789363456559119 27.879836905050414 3.350129406967275 
63.86993594463457 2.595168584733714 45.6084343726477 2.3329085282425988 33.66497162445404 2.423529810198292 28.845024342989383 1.0482690241049075 28.104045564117374 3.6040124165202583 
64.97037104089975 2.675341350037456 46.007886094405016 2.6929313528235643 33.90705326153836 1.8469843148431353 27.581139856932566 0.13371438228519772 28.89154571590295 3.6620691191070476 
64.17736819762882 2.9646413461228023 45.98137249590757 2.457772092002508 33.84193010334347 2.2961110223593257 28.00024060299787 0.3754177044061202 28.63599125787185 3.5310981634497716 
63.858735284842595 2.6432208306780187 45.66996275672952 1.8946635567958907 33.30156285622802 1.646290013817672 27.813069757310927 0.7660052330700553 27.89906221838711 3.4513645298174374 
63.73942547806546 2.8729310544527773 45.39558142012287 1.6422136959683664 34.23574178977783 2.1086848241361253 28.282697143432443 -0.43357442242329514 28.10878201638563 2.8516810911587447 
63.50958685873168 2.5915253396859863 45.48957484364254 1.7669958578216234 34.25642772304441 1.8813145836163039 28.721326341277006 0.24226924226561353 27.018260576532672 2.970531596373118 
63.03476967740374 2.4185839369302435 45.58382530119868 2.518306923864039 33.68096626938978 1.7946063019099983 29.02280067917281 1.0077196862938869 28.059189799236577 2.626411713230918 
63.71719484328065 2.2434539006092202 45.184960791160336 2.274443953130848 33.809423516518336 1.9344188154106516 28.800116477906997 0.5885820711459485 27.73973163930521 3.2572259666771646 
63.69987435827021 2.452219491251987 45.29449091871294 1.4568313876668133 34.085854049450376 1.5516720899135714 28.577370245186028 -0.022551121000754855 27.642531201308547 2.720105190657973 
63.26593520864684 2.354951139500072 45.45848128838839 1.8804811041986491 33.36576822287129 1.577929803193241 28.758924313558946 0.19994610681908004 27.80071303506536 2.9001868096918773 
63.85730898612513 1.927524851169116 45.69426940314847 1.9388893009323755 32.92599649900225 1.5245649004193593 28.23745927551745 0.24351937974312043 27.94493916298846 3.2359688405915588 
62.700582141724716 2.3753005911906624 45.56371862724628 1.826601376369283 33.42139668656308 1.4788567345011923 28.523751508308546 0.3963439197719343 28.25102013989842 3.1785837924436104 
