-0.510285900211168 -0.5907731633140711
-0.4212189670021965 1.16167306775443
-0.6720770984267496 -0.33030249802061235
-1.6087088774999878 0.36784469106842826
-0.20412662732335232 -0.4903318602239183
-0.16112860661913614 -0.0058512844914136025
-0.09094224872788748 -0.04835327752963293
0.9439770789691689 -0.41450053174442936
-0.8725540686130909 0.41272904180916875
-0.006058262232102152 -0.1415484208651845
-0.27481687663167187 0.15025715964749697
-1.2253230997296267 1.0958661438794182
-1.2534220677638683 -0.8574503818213781
-0.16190924401789175 0.2357557764227387
-1.1649215657091596 -0.5710274213699986
-1.7635601148040265 0.4461113700067543
-0.5636862023875865 0.05666761761439086
-0.45298142928099355 -0.8199229803408967
-0.7454593636913773 0.3832395753839137
-0.24643290129242673 0.01706953434909271
0.3890456085285245 1.3253229937013242
-0.4593186626669587 1.431365733850658
-0.29482510758587627 -0.272418568571008
-0.08802722653274278 -0.10049811689036794
-0.999183455009488 0.8564859121324686
0.01949236899897913 -0.46950171069311564
-0.8912134643135622 0.41836805550218903
-1.2762068556846815 -0.6212994757679092
-0.17518829060071753 -1.1591446706220105
-0.5940510171309707 0.09180352353395288
-0.6698836092967058 -0.9451101664212663
-0.7731606582695716 0.06272152560531977
-0.09701226922416051 0.0037875903845474845
0.343724657473408 -0.9503059367455255
-1.0000133648036187 -1.1292262829577655
-1.3393522559919206 -0.7284062823768416
-0.5872866920280567 -0.545465908428949
-0.49451334744105957 0.14457076256430107
-0.6033495369322239 -1.1312517166456706
-0.9980133577873194 -0.22172239886418926
-0.3955691416300413 0.2297207493630729
-0.6482446404749072 -0.39598106955605566
-0.4005123996014048 0.6962934982590072
-0.22670010497477214 0.2744191936113561
-0.3646197610260548 -0.23843754721111976
-0.5929990944650473 0.12430845844320738
-0.7079090769099935 -0.39881074671716815
-0.28949078213724444 0.5260210005634356
-0.8362736573011544 -0.5045332765706197
-0.33990991989785996 0.5497923788289902
-0.3146141927587811 0.9086136426136114
-0.8744805002394846 0.9148821525776986
-0.20669857271862152 -1.2780890367527422
-0.13477995925457553 -0.10614966715242027
-0.39262679070205425 0.01737473791110062
-0.6343170652368402 -0.0671625739463673
-1.0523006616863995 0.4016007371196369
-0.3670244144471692 -0.5961088627245656
-0.45674308273373126 0.9131761934978715
0.08295318749294306 -0.5777512367104176
-1.056868825081276 -0.36124624840414554
-0.14518990873351337 1.2647743121830273
-0.027280081268852036 -0.9326155812787906
-0.7869946475195433 0.6805935783715733
-0.2947177860608374 0.23173287268000037
-0.21044211336168092 -1.1123604967552259
-0.14913296170528345 0.7678581977646204
-1.2596583441036144 -0.02826734439771214
-0.5492609747494012 -0.8752462471878254
-0.722246870718574 0.7246250029275393
-1.092495701220769 0.17982901083512776
0.09377064683512248 1.0928461461824774
-0.19975285568214435 -0.21265910076142502
-1.439776030775198 -1.0899183778611552
-0.6441071903144949 -0.7767562434762597
-0.282196113731149 -0.5300205805544802
-0.6133389450548944 0.6428383779965814
-1.0576526791618261 -0.6813945944099131
-0.9272024856056884 -0.540413104656047
-0.3858042472055788 0.48150547188643433
-0.3477513741632425 -0.598836521249767
-0.8042610067584655 -0.637397031283093
-0.39149409519447126 -0.16248974357373314
-0.6166695610341468 -0.7374818108138261
-0.9182160462057798 -0.6239085104042207
-1.135292334201701 -0.25590444611905916
-0.4407594137418767 -0.2392963785320796
-0.29886314540495645 -1.3141563035221882
0.1712974209299677 -1.3276538624171987
-0.22076969559104892 -0.2787360390534177
-0.7966464691396252 0.1178840662860722
-0.1796024164607259 0.7566447197096262
-0.03679201682233024 -1.3961965177542468
0.05139736789980755 -1.3130482933943952
-0.2305073506779447 -0.6439963320788452
-0.35514133572980755 0.24018377588857362
-0.2458505199668385 1.0710029830470038
-0.14255579951685354 -0.07652325270759874
-0.4193039966215677 -0.6410875754403811
-0.3699327436583854 -1.4399149341667432
-0.33769753473424974 -0.8350718613065098
-0.20515150584866249 -0.6240088577912564
-1.0821932888437455 0.0998650553345259
0.009173392976973366 0.49234136320758437
0.050966760169150555 0.20589006518811295
0.21227601253353398 0.6973032987370138
0.018230627889448722 0.41016132808270045
-0.1309838277538793 0.10619051913156413
0.32068838917896075 0.920621512839173
-1.088962900043239 0.8984414684782825
-1.104749846628439 0.9687848771029912
-0.56009605621874 -1.0811439551864763
-0.03204275467529143 0.42873430514187844
0.12508859121085175 -0.9495939582035757
0.527877541036909 0.6492694990493525
-0.47813098177118274 0.08511328826766962
-0.038839005005273486 -0.001227084731063699
-0.48968214761392564 -0.1570648881555035
-0.8216379102666231 0.6503519058202665
-0.023949968565265267 0.5060534286583184
-1.10023719589732 1.0193672403193137
-0.33883269727294557 0.6109830508311618
-0.7702080193673008 -0.5770599673699148
-1.0680945243658901 0.49919130090131153
-1.414233790593306 0.5464567022690118
-0.6191711578389306 0.43926426696439613
-0.15895383732499246 0.011316074545534793
-0.17830577931538644 -0.021932506404439084
-0.6756644140079715 -0.7005083277896909
-0.6183422600400856 0.3967763108734995
-0.12303533357566926 0.09111427215126137
1.9716621881882812 0.7044481847562538
-0.8676714720786672 -0.9308796403843135
-0.6249327322385196 0.5387597897755865
0.07452901579647764 -1.4134876911958794
-0.5284815973563223 -0.040507280344042274
-0.24222006195150805 0.7903397747214841
-1.0688641296676467 -0.7177904618732753
-0.4221799236879692 0.6734268075820338
-0.5758288953316729 0.708262595179087
-0.6488676578596614 -0.6624472401192869
0.6920390178638283 -0.06813160841376703
-0.474873325886167 -0.176331818365021
-0.15195813733852956 0.9745952838205363
-0.3732248848394143 -1.024954332706465
-0.8811512829323683 0.3306556781291616
-0.7411494799149185 1.5609064784616489
-0.7855593051568086 0.020118002509710572
-0.6716179075647607 -0.4240817536833291
-0.8536120084646326 -0.2863729575759386
-0.11094415051255493 0.6372051133181318
0.23380814772511702 0.1427332596743856
-0.45978482141519733 0.6079514413235727
-0.28439407394373534 -0.42324943342757276
-1.2863089454327394 0.33727181119820493
-0.653440361480053 0.31898322806713486
-1.3917716803883033 0.20738699300164934
1.2611833562618515 0.8228171545184164
-0.40800877173958944 -1.0697311958527767
-0.35282876995091705 0.4549310082727947
-0.8513024814916238 0.18659021898364492
-0.29553751957873675 -0.21628328530579344
-0.3403677989435783 0.6031984699755213
-0.40088746088977556 -1.0014460196298656
-0.8223038188494205 0.28125363767485034
0.5069327560045015 0.9886131576794162
-0.5856952366204491 0.10110979181702481
0.14672138323268089 0.5870326110900085
-0.8038134170625979 -0.4615503290469134
0.6740701051105502 0.2533699988080137
-0.5304223868021707 -0.5451714688948475
-0.3096913203563567 0.8394331424348193
-0.652119959539771 -0.5803997869789714
0.3434308917363018 0.3184655580280427
-0.004353583015943616 -0.6017026275287374
-0.597329167399057 0.7602613534164044
-0.5805277888586419 0.8479814072015952
-0.06372485569714438 -0.10386338051885245
-0.5013341424767845 0.371171827604061
-0.9850157443405031 -0.4334758655373955
-0.14078990795983234 0.5620418107569108
-0.8609825011603756 0.2784064131669454
-0.1158564793263942 -0.4785697761850959
-0.9336003780155967 -0.8054753440486588
-0.5598492283445314 0.8462230867045442
-0.9611809345125116 0.9299843894792325
0.037501291177469545 0.3617204151290271
-0.5884242369051783 0.2342193693528751
-1.2132531540291318 0.3246165284258391
-1.1187237709923323 -1.2780047475316938
-0.42969303096016553 0.33748938472303813
0.0941517438817307 -0.10695248441032419
-1.23468737409201 0.7977009148073174
1.9960570488702134 -0.7625298239576992
1.119561363390412 0.2404371073350386
1.1818166769469003 -0.2922414236867119
1.2839236474500615 0.7516713361326955
1.1316823836767647 0.729524300250024
0.3657095620649994 0.7751110122516535
-0.5278079372395375 -0.6870683968979201
-0.12381330074186898 -0.33786844695765206
-1.1986707408923623 0.24361634728352496
-0.8553759598033038 -0.8253784336856125
-0.8567284571507522 -0.6889997461672435
-0.34201099239199073 -0.0826537225768684
-1.4513288573489977 -0.21920355442234554
0.04489118279204027 0.30668083931666495
-0.5344162967348285 0.943256830437915
0.19904011550145437 -0.15510986735045984
-0.4627141704676314 0.7046327290997758
0.13347891161865014 0.6480274473888289
-0.3434906608192313 0.8024520394775712
-0.2344141514561315 -0.9445494681801132
-0.6673670520579758 -0.3430441596113417
-0.9064964290119006 -0.9874132136996399
-0.8826490125152857 -0.9130460138503456
-0.22450162129831447 0.25489669384049735
0.010627742437811366 -0.1285865941516261
-0.4805781817878566 -0.11648007181791223
-0.24687020506619362 0.33814618570278576
-0.8633914707672042 0.2368039112196012
-0.753646046846901 0.08070823900359314
-0.22510385131034177 -0.5873053196288978
-0.7491612781566503 0.5173361273869488
-0.17257021894421812 -0.7202525885830504
-0.42230559444380295 -0.7677160623515676
-0.5061840485077556 -0.18194635483064114
-0.6055523470263828 -0.6888421670632685
-0.409783993551316 0.7770573177709
0.4799193714033222 0.39773542220680214
-0.8014458003178642 -1.0102162347297727
-0.37449247209649605 0.6325476989568533
-0.5091565080170208 0.1258144031139155
-0.7485585199294569 1.197360009452318
-0.4457601410902857 0.4839194553432905
-0.13065450076744559 -0.006732104670453806
-0.6609517302770205 0.2552618269064697
-0.9919771167387057 0.20417787348390887
1.8805836003301766 -0.6073657637502923
0.3861493021994078 -0.5800995490310656
1.7914941947538232 -0.3590026742452587
-0.12840518526209238 -0.5735539154251335
0.9541002845018716 -0.47736704488686915
0.8989298282042539 -0.2578778958438339
0.7564148217539204 0.26036528063303255
0.5056643432846486 -0.6911996204431925
-0.021284916236029815 -0.4785291470503032
-0.25053435439786553 0.5321669116664388
0.03754446826012932 0.10785110561701902
1.9722805348833707 -1.012581468498108
0.798375448729764 -0.16052496761509985
0.44069714914527847 -1.2317934736152412
0.28781538690876146 -0.9193980620107501
1.1579501557593805 -0.09891621014541668
0.03305706742427256 0.8961230356333576
-0.30616248919180333 -1.2490041623312602
1.9358680189095712 0.25758689695956105
1.9172114596125525 0.5352600299241643
-0.4627485924080306 0.14418964295508369
-0.8924417758651644 -0.7870531414991114
-0.6589544588901687 0.39309298977908835
-1.1209383644656874 -0.25464906184249536
0.09849422992491119 -0.5193083545149064
1.2260726648976703 0.3824145693736675
-0.6032311283290708 -0.7636236614504707
-0.10464460261201736 0.04023325531546958
-0.28108341442097506 -0.5572496761771177
-0.4166893553808444 0.019373615693169893
