0.07868385180689277 -0.05258518911405535
1.3760275582809696 0.8763418296906254
-1.287973594986474 -1.0960857704835452
-1.1225330696110973 0.4016308409289108
1.1008832307600014 -0.8430255995387509
0.26962437779722603 0.7648869586723175
2.4166808802797473 0.7397648524578372
-0.22921736562002407 -0.6655061049648543
1.2472674346640171 -0.6087270791951065
1.090207353907388 -1.1857619889382751
0.4927165587946721 -0.481753247568701
0.06318293934307717 0.9224085812307397
0.006786362563676429 -0.3197487628816471
1.8411821195181148 0.5708500574504916
2.4085511607237606 0.8639131690361728
0.24459083300616638 -1.4224515447431605
0.4209774031424099 2.0610361355310456
0.35843590369351225 0.14568033507322817
0.738671237333718 0.5293741498553997
1.604199217148938 -0.23491495699790926
0.5362875460070063 -0.12668679471740202
-0.35266031893425587 -0.9148106741798216
1.507650017870791 -1.5004356416448585
-0.14299529980348247 0.8242353910545228
2.194432680583449 -0.6368116758345107
0.5870448888167911 -1.6892862887997133
0.5453425319905254 0.24254567424964546
-0.19514476491691893 -0.2500787341842817
1.513282665602255 -0.15650338510950373
0.9490944454942314 -0.4628462544107895
1.938723571011296 -0.44453005638852194
0.41702256743832133 0.3767050212330252
0.9707574380073518 -1.6500938327611725
1.9079017068507427 0.009997445240586628
0.7929435913065029 1.1681224400387173
-0.22198349654670413 -0.5310156989261583
1.931769823560252 0.963101658166691
1.8794532624435165 -0.785388929071905
-0.33306524264807325 0.5877639207093734
-0.7112097074886065 0.274202500254893
1.3284611035469496 -0.38889331003276423
0.6621431317236646 -0.5537991813935602
0.42028521575696687 0.4584714564739415
1.5416858620127105 1.555974509580106
1.1333830826146902 1.4476375354830315
0.28176268106844515 -0.9485945468465793
-0.11505092704744013 -0.44471903004863533
1.0914783352728785 0.027993890777765595
2.184822811639865 -0.22315715498286448
0.3985650506218789 -1.337403270767067
0.1303885812050964 1.2031512576676797
1.2587595420938458 -0.49882660830867853
1.0603868929470934 0.8885060040008019
-0.08118102931849314 -0.46225057301788364
1.49676688042297 0.9410638465268809
2.5110837394534062 -0.048012454811674266
1.3242010781023643 0.3027355328229294
0.7633472136316797 1.247985601236853
-0.1237631413054881 -0.3811644379552588
2.4174372422603705 -0.4658148751294314
1.6565890208663212 -0.5810499652569425
1.3482443639822432 0.6519275865777449
0.9048655087945388 -0.6738563997287742
1.0182033493805185 0.392480778870387
1.5721447111591307 0.7420046712554735
0.8872111820450652 -0.4664284428541092
0.4226046471510634 -1.4736391005743246
1.1849752369338327 -0.3805877982911329
0.4496193395627618 -1.1343334001077394
1.5038915620673843 -0.05576923769446701
0.7581822357676044 -0.650671367260147
-0.6665898476502959 0.019434202975169512
2.0686413747907264 0.3089408578038317
0.37764715464654214 0.06931954951507119
1.5247025027367531 -0.3969220476050737
0.2427482855803592 -0.8614880309858486
0.4572430597514135 -0.6017521748290369
-0.031233788153476105 -1.739002126183677
1.389053849141686 0.6466370210120366
0.11686375498220608 0.3975732686002942
1.5908143739269 -1.1774801461026188
1.0478387995005733 0.8008869214193
1.1811844609428206 -0.37250534161042487
0.9318399842430861 0.4084414135671473
-0.3905669027563498 0.5633857600935805
0.661998459395424 -0.5477027907318288
-0.7422319298909297 -1.0233800725910813
0.19359159164849965 -1.215474984115662
1.2891541677964333 -0.42625377816752763
1.123069941020631 0.6294415329817394
0.7316543081325174 -0.44258286892429266
0.7177640490586222 0.021555598148819355
1.2333453051966106 0.031047128333021756
1.6941147684917022 -0.4995421267952208
0.5764191642256221 0.7888501111636637
3.3993493394547647 -0.845446246559006
0.5490220100822598 -0.8288026578773982
0.6147506319949813 0.9086658070816401
1.507477233521815 -0.9491236904141568
-0.3949670588196349 -0.5187606728729693
1.4833486443731365 0.490790469746034
0.8736525103335062 0.014105755559341626
-1.474574211235694 0.783772815106637
0.596389514114418 0.4091447913872361
0.7205821611526068 -0.918232632717338
1.7401860196034171 1.3223707847322892
0.30120279280005896 -1.0151849013816119
0.3594899506442095 -1.706138376563438
1.9499496762634652 0.8776556014972535
1.227331414428205 -0.733937511310863
-0.08929624574862982 -0.8846574412433849
0.15184661452999818 -0.16960533924535692
0.6856169204822099 0.06365291160173234
1.9566205001439771 -0.8581493880752511
1.7311485259350288 0.3429295642719407
0.4269865213885124 0.9743434025595281
0.858135377383114 -0.9817398136222308
1.0725541214377208 -0.5491456637477825
0.33692459575622813 0.19763883627496742
1.5820405571949014 -0.08908870603698946
2.1940307298370714 0.16865838686317383
0.29575178644198163 -1.1770306601998155
-0.6078534116789193 0.5350189827698557
0.5640599169434101 2.3743281424026814
2.730655449732722 0.17620341480095403
1.339335915090577 0.4820120893204105
0.2739874735782715 -0.3461753416331389
1.5953610043295527 0.9734357775605716
2.4674354540773793 -1.4345281257508646
-0.6045413912051789 0.7760729790195815
1.1633439030561528 -0.9022930388467826
0.6508953571544674 0.9702618033400076
0.5028685725744342 -1.2899292119823986
0.4799256577007946 -0.5578433060400344
-0.623030167598629 1.8115530866594027
1.3877024636022373 0.1628845574106483
0.6521577863787293 1.2690596547483692
-0.27499532635708823 0.36102866193077254
1.575676013685662 -0.09721103780981458
0.6501423687201318 1.3817128804966075
1.7057775707880714 0.3173028068532794
0.042518303559865855 1.0530564749231084
-0.8581990488116775 -0.7132437871939005
1.180579421434654 -0.2937543612773985
0.45369443259897435 0.31211145576220845
2.67960483866056 1.2478378221992108
1.5792964587004028 0.41037810285532805
-0.0005337616226995245 -0.2905760548899014
1.2872459494736663 1.0239166160784074
0.7392699332569058 -0.698133315857158
1.478558181392364 0.48777960701431455
0.43512995624749984 -1.5445580638388634
2.0725237762705953 2.5012336556097488
0.105371679813765 -0.5147853446124533
0.5983196717390535 1.0995079371253005
-0.8081210295766248 0.7981897675308469
2.0362007655883327 0.6768425801336578
1.0211376514942425 -1.3251409233272202
1.533234557234521 1.2812284569077228
-0.8535282102776429 -0.7936672522549243
-0.3437153721388733 0.20812583027300036
0.24956348626403957 -0.7798659479496657
0.9232712528375911 0.04692307653271415
1.5289585505530598 0.9152341092579617
2.39851308015947 -0.8279613871589773
0.9755560685106277 0.5671306676907639
0.43201736134860236 -0.2303083590085584
1.3811783281075245 -0.3528070734785058
1.6110041382122378 -0.8355123397259906
0.2108193647989554 -0.40196492120149874
1.6905542034946097 0.8235134872611758
0.9857998417041602 -1.0981136908031528
-0.5884127347882804 -0.2981207563952034
1.2043649609447327 -0.41137011707352705
0.3697873961508946 -0.5003290460981671
2.1938296907525956 0.8925069180298624
1.397974923886898 0.48028494948350053
2.949755720802974 0.6137503328935929
1.6911474626397773 -1.6785062386239262
1.3791649564913666 -1.2009998532843194
1.3671388429800089 -0.002313172633899443
2.1162488407161075 1.1746712633931233
0.16395714671632675 0.4024550338547914
-0.6081856376316848 0.8106153446722961
0.8558488140390581 1.0372103588375063
1.2100279609123477 -0.467912023332087
1.1587665753078933 1.3277072987663427
1.1791685907131189 0.14165541268241816
1.1421758567723153 -0.5698887184411259
-0.3797691500612804 -0.6396276974228945
0.9150696769075002 0.03857661770247242
1.6044480395705953 -1.0401336633812397
0.17985733340852786 0.24432829370153408
1.1370688128782558 0.9001930838756433
-0.6024300262455775 -1.287526059557572
0.33730481555215974 0.09335392556659533
0.7400645019664489 0.7051837929093987
0.43736732480871643 -0.9057252318541005
1.5046280951932993 1.5103264605522746
-0.08603875630221519 -1.060949597314054
1.0136300475089441 0.261481488136003
0.024483044729445347 -0.027741695682583528
2.182588922250287 -0.27103201100000324
0.3616761326309437 0.8599835609239228
1.4263749475548924 -0.5071498733606166
3.109205745734115 0.8473950440418782
0.2152821688382454 0.017405000732143017
1.855149508793179 0.2565724342949761
0.13507759996630442 0.9303202324205735
0.8416581146372594 0.8622702365295959
0.5552943078385543 -0.23727933602636733
0.7663318823165588 0.23337167684587
0.9799816962015722 -0.6304604488521454
0.8305603303750574 0.8948760906192816
0.43939968208181424 0.01723760944116609
0.3360914089656664 -0.18629100366853887
0.24827173174262396 -1.8389801546043372
-0.39133466384093074 0.04586177478749659
0.5625244713231284 -0.6648294383868756
0.2190533865924707 -0.10930481854369356
0.9544568206708045 -0.9262742697374915
1.5554332940217392 0.6836969009599224
1.2376922130323529 -0.8373672760437181
-0.27438050770458555 -0.7594355007994718
0.7511295380854353 -0.2681593746631957
-0.3235308946347819 -0.3580075513750127
0.30666152462592156 0.25905671244076467
2.932492907487175 -1.0396167729445671
0.7211564471183085 -0.05687502276200446
0.023607365686678816 0.5107608942113626
2.0461394734230844 1.3191529176843602
-0.18105806064926547 -1.1358682543436927
-0.05248301374661003 1.3747802050862974
0.28787753334630906 -1.0249505616145496
0.2997170246975753 0.1131830996289317
0.04466476940169126 -0.47377529919467004
0.030156175072745234 -0.48296116624059177
0.5469767265222285 0.556513011612767
-1.0963263222319382 -0.5056342502581193
-2.028586166845435 -2.273696097351194
0.24583252644245368 0.48647784550641365
1.3109461109479417 -0.24789480858398727
-1.294809782601435 0.7172467120821711
2.823282352113038 -0.25827873161569104
