1.7840332503359522 0.3526168861611807
1.3951882760795373 -0.5671974850203503
1.8461068326893195 -1.6011939595238398
-0.5906104111985644 0.2207996155281325
-0.07511116596348616 1.1623454820473582
1.1929522196906492 -1.0944713521136569
0.9326543697491931 -0.05868833065615592
2.009362712548177 -0.49471757777172
1.1470273674852753 -0.059424322582712574
2.760973262694932 0.051450695483065634
-0.7260307727509632 -1.3028714661182976
0.44203927210982386 0.7401706801076615
1.760196599786608 -0.45178652777532236
2.2821107192498546 -0.4232476973479893
0.5142681572402339 1.49165847780522
-0.12121522824167719 -0.7306421978264986
2.2460510914889955 -0.4765651282379735
0.46442854534195654 1.1168252843096977
0.7235895031482196 0.6998275714912503
0.9042111846233978 0.9213677779953291
2.1853306838844198 1.2153615290831477
1.2893312569514435 -0.5429680868764379
0.8232041464708519 0.04124857454773495
2.492189881991219 -1.4090507001544577
0.1848728156012247 -0.17180716270519739
0.6262996564795724 1.555481244023012
-0.280964844627133 0.4404896500375951
0.7162860318025063 -0.3402227869833542
1.9372128914266973 -0.19207482646802973
0.34932478536935757 -0.2019784132767871
0.266643782221089 0.4722285430006534
0.7437764220684421 -0.07110670195822094
1.3939792502822033 1.9641768979085141
0.18530846099161274 0.3706282040123833
0.9338177090021418 -0.5468698490239656
1.3092511964965943 -0.44548258268434227
1.702093554254057 -0.4629381949060877
2.3173535498430784 0.6082423079109129
0.8605800264397032 0.10135913537288294
-0.25207742946171297 -0.19961336744390684
0.40874823560396495 -1.3706814606677205
0.7961137815211784 -0.7574736931251296
0.8367293578358015 1.394130053342281
1.6550282275879875 1.4283277551065194
0.3807111076271219 0.529105131061087
2.136238849507067 1.0717592801784561
1.1662788768748822 -2.2390781161393694
2.5831923451515313 -2.1078152760433815
-0.1794331951031467 -1.2879595487122166
0.7274151546317749 -0.13595547427934418
0.05724602609838214 0.05779495275170221
0.9811486576355385 -0.5768053643285111
1.120637377222564 -1.3078040470929329
1.4030698876458279 0.7859261331984726
1.4897030085196925 -0.31050952414622185
-0.20368708622912066 -0.3482205595976905
0.7623834903400201 0.7014196743123573
0.5109929708093515 -1.618700681163411
0.6469734046031124 0.7318339560161791
0.7300944847021237 0.4088143972997567
1.139369763099348 -0.3586243459147053
1.3542387297773129 -0.06179130638216798
-0.40666411001769776 -0.4607197636525574
0.4664265859846528 1.124589570744711
0.9756602995375648 0.23677391586474467
0.34795260488570573 -1.2677326157087303
0.7188719504137333 0.5423764689268094
0.7488637097789236 0.9984672317859478
1.3305190264804505 -0.7709060888825655
2.0582238506433077 0.9893938106922373
0.7514686588320287 1.350330401433824
1.6595298775213272 0.5236024493005269
2.0329855516893 -2.4276296157997304
1.5441637345995463 -0.2910628589972134
1.0972579452227638 -1.069789208546324
-0.21759877975767075 -0.15132810500369787
0.03578691620776553 0.014550572053243616
1.0684780787490393 -0.5939615953388182
0.14449311690290462 0.4924690123678424
0.4042904289844858 0.778103336616699
2.5154595380237716 0.19248747075284214
-0.11896820643626044 -0.35578131272196534
1.3462462241968876 1.4637585186962816
0.5301687717656189 -0.9157338025213134
-0.589216042806441 -0.29495902884308944
1.5270493188184724 -0.15025524923583716
2.3870428146893516 0.17117492598196005
-0.46995407368760833 0.4675504326149256
0.16091960092323887 0.27443379951622937
1.7257360038024008 0.9694138611034354
2.3211836372650474 -0.7750689278205352
-0.5313085715619561 0.26986075562936285
0.9094885927469272 -1.2053994120429
1.219671168352741 0.34718283221235235
1.8658946573906625 0.5103998835368079
1.4177369466212462 0.7772785893009357
-0.5103205577469695 0.6086164764854884
0.5604504906539514 -0.9249778509281762
-0.1818190357348748 -0.33294372848794795
-1.73094102401508 -0.5584322377087229
1.0362993542702332 -0.09088469199874041
0.16878300150708814 -0.7413964627702703
-0.5401550698032608 0.5233069308722174
0.5159838841428969 -1.2999544052389442
2.2742842391142735 -0.21361258525173143
0.606262006001441 0.6671481878883332
0.8614956389687164 1.2158702870376759
2.1331905313339847 -0.3301709877843899
2.1109856916592205 0.7846064407824476
1.2421462729037152 0.21138654114087685
-1.8833302733239303 -0.18802506122320495
-0.3605771887948141 1.1643812354937182
-0.6057524250239102 -1.9062150511889533
-0.35276844238519817 0.5779292594203005
-1.589999477434761 0.0722769376330582
