1.1398715905362864 1.0567465628758166
0.23926210099635087 -0.602946248051856
1.2452668188454241 0.03638185549886135
0.343814878696855 -1.2528701306077619
1.0739609564591253 0.2229142915076085
0.015772930791543904 -0.1501795814065557
0.9148438666472267 -0.23206873847021298
0.8707030716138594 0.6028234680764776
0.43537098352635 0.22509058234260884
0.40835380920871683 0.5386195721065684
0.8648388231468778 -0.3080261510453297
0.4258270327088484 0.6462694655448689
0.3034379573946838 0.2226717622469059
-0.6040451828484819 0.8618422712434541
1.5216473385720621 -1.0395781458733822
1.0618693429483994 0.20932124235311098
1.7615760466595973 1.034666864956474
0.18871583261037433 -0.7076392373926061
0.29426470456227066 -0.38398437470164
0.711886178719373 -0.215376705432747
0.524249127694079 -0.6926366355416707
0.48958017226979006 0.38224119739491347
1.7892488068126693 0.07251417808477542
0.04543176257984251 0.6182604190909642
1.0412833127715027 -0.4986038586781277
-0.18942778093131246 0.4800523742852305
0.31689417421106914 -0.7390192081511194
1.2056024949035142 -0.7830822942308607
0.2627132110288177 -0.07075582571303823
1.1181617835336515 -0.8857453345588067
1.5169936253474243 -0.8695174750659151
-0.5729819897775201 -0.8051733432504442
-0.4797623525998529 -0.21071855373922097
-0.6219113448445726 0.6814536539499059
-0.3367318466215268 0.8728898742074293
-0.22702015277476306 0.5320624534303462
-0.20387700376671314 -0.10479248697465032
-0.3890147977056459 -0.47211891352988367
-0.32248820852273397 0.05810748021222214
0.5780657529013511 0.2019063008760667
-0.22906658189420553 0.09150561496450532
-0.7803420092069631 0.6561087243182667
-0.5500145924395133 1.064415203043051
0.25133079812853837 1.0020563859977887
-0.13446652591009978 -0.6238760818771082
-0.4350733598794307 -1.183153532730786
-1.0154058193914595 -0.030741013948757084
0.04290765028211713 -0.5121880348631743
-0.39991037165095056 0.04884025471306658
-1.1537068304956235 -0.8525407274256701
0.1295533469397814 -0.038537242813890704
-1.3891550537125872 -0.7888019949814775
-1.3984670037921239 0.3045303556420205
-0.6193036860842334 -0.42925755573225277
-0.69643962795177 -0.6494591452842613
-0.3192919173171878 0.3711633566610389
0.4589209035325366 -0.26826177268537965
-0.9636842904080993 0.5840294854839881
0.14799546508535316 0.41572800204690086
-0.008178362467604783 0.47218249965389764
0.7118954788685987 0.6165358093836071
-0.7858570525523441 -0.3150508380286622
-0.6422200463368796 0.15536502441935832
-1.1726105505951687 1.561938127263418
-0.17162773034869674 0.5801356270996778
-0.3286934529706798 -0.6184204582260755
-1.4994016704128896 0.19150888297136903
-0.17079877487913706 -0.32167165146225374
-0.776721211626864 -0.8037380216365104
-0.4269454410225171 -0.31889422203696904
-1.0569511682079558 0.36073843637569836
-0.3936382078203283 0.7317371735820336
-0.04194106243268722 0.9401637674537535
-0.4372731360944878 0.9717853761542604
-0.07106030884102654 -0.39233971939697393
0.2407937747008872 0.6693332267073286
-0.8346624984069444 0.7338410365722117
-1.327235849661726 0.14098416840931244
-1.179493338054135 0.7625326039550171
-1.0426735417490236 0.8386131454262329
-0.2739442261894649 -0.913972608423218
-0.47012291867482936 0.6034267118919594
-0.7319298016880688 0.509423016086497
-1.1115612093125569 -0.458346781270278
-0.07225375122617378 0.5179985277450141
0.17158174523784117 -0.6856984143105638
-0.018338398490354138 0.3403268423791417
-0.7574514186667038 -0.267079803687009
-0.6397561601562487 0.9169129432669387
-0.33277100462588727 -0.5959577431913057
-0.20348506978237238 -0.6688787439058486
0.07330395953672088 -0.6018028151705667
-0.33739915454860514 -0.6381037457522871
-0.3730647451117713 1.360344509339535
0.9781273238296245 -0.7462241752280311
-0.7086466615407087 0.033101104981183765
-0.6761554543969513 -0.5219053919959641
-0.6294678086137294 -0.5112721767970789
0.20385092983124362 0.3074380497125183
-1.689500941226753 0.1032349089637084
-0.9274791705497554 -0.8441385603226849
-0.22016611606040878 0.39514910319226365
-0.6187711113487185 0.5712481974633566
-0.5625357791202843 -0.19201971355538106
0.07605416855593594 0.5382038703320874
-1.0803295739069487 -0.9309211053002794
-0.2975744258467966 1.2277926336524647
-0.14677916462547902 -1.101643622389195
-0.4875050007699482 1.2176065003404433
-1.0298500499804013 -0.6665193513384177
-0.043659452012798916 -0.3350229457359879
-0.3099237296695085 -0.5852913045899745
-0.4915292289913329 1.0316119713399945
-0.7285200576217403 -0.5477421999199039
-0.141111735625496 -0.5850208694212379
-0.3153663296035797 0.28618846761411476
-0.27911914951190203 0.5453694049458164
-1.0060918040923148 0.21262248240311665
-0.6186841824384424 -0.9639405873660469
-1.2796954101800353 -0.7096467150392161
0.000998603776927398 -0.13656453477811875
-0.6196813222283205 -0.5754197843858841
-0.13493467371951812 -0.09706503874664645
-0.055973341823181394 1.341459519462402
-0.823743459917107 0.3790361698973905
-0.16882949107017664 -1.2115469806475518
-0.616997758682433 -0.6882381084871371
-0.8827763249793485 0.31522596154381516
-1.487694990887027 0.11766160935854286
-0.167994934765427 0.7911015158357345
-0.8726438863161949 -0.9346600642050289
-0.8030635309084955 -0.47165117919070354
-0.525480180935042 0.8765593421245753
-0.4689738822614281 0.7871997480245074
-0.25534074292173653 0.17007736258195977
-0.32017475968243814 -0.10131436179888267
-0.229329293782027 0.3844086621007621
-0.13340951870306528 -0.687549984636215
0.10831506840981246 -0.31279671474013876
-0.5164881749157236 0.7317354263257019
-0.8770389300722243 0.6708360346484082
-0.7139100379577065 -0.48815542073869544
-0.534812978249622 0.292106421295232
-0.5801152957071078 0.3769801988995306
-0.1863505989785253 -0.1498491488585439
-0.8555122464403792 -0.07903355578473545
0.12669489725232996 -0.004695272189179617
-0.26073872623769356 -0.3259309763225928
-0.18071395718396754 0.5290857510324958
0.04621169623592432 -1.1488318737149188
-0.03842551110961778 -0.6807369180491804
-0.3800187906379186 0.6825820866716892
-0.14324223726530805 0.6002124818837844
-0.5975438800600966 -0.40540197908296893
-0.7630198020666027 -1.201591460759963
-0.8402595685846526 0.467648629243015
-0.16092570166131356 1.3210151834933985
0.32439186757374827 0.044648645622485494
-0.7062566745767694 -0.37179875392227457
-0.5717907762868903 -0.18462074637074877
-0.11117905434309794 0.3315849077322338
-1.4660298029170962 -0.30154185636712083
-0.17367592903864454 -0.7201084132880317
-0.196134968807152 -0.6420481597008274
0.1143711009607514 -1.118687634862749
0.10589537116918069 -1.1354823024858685
0.18956157354282638 -0.5221013840873839
-0.49813570581369804 -0.4653228577257085
0.11551058564748612 -1.1788880096802479
-0.6489144540681125 1.3377724867764802
0.1448212802658569 -0.8665996781930212
-0.5556287233823614 -0.9851689910352146
-0.7473535391068854 -1.0566115694464355
-0.20973666419846881 0.6670760488107802
-0.6869652057378794 -0.2014872058664447
0.21374157390733894 0.16724320103569396
-0.19678830946973522 0.051267088759966814
0.3717327010373463 -0.19381036168497065
-0.1425597669011931 0.7777029069272945
-1.060171237502796 0.12036774215705495
-0.5121477029443494 0.8668252270246175
0.523874074892084 -0.6355467832804743
-0.31000207881298414 0.6942057347845209
-0.9403189796557961 0.7752387731921296
-0.7865559548355822 -0.1957502179973401
-0.7684495126245618 -0.5112020213933065
-1.1967283662670751 0.547830036704027
-0.8955799194137425 -0.052965031561731685
-0.09332306945465624 -0.5938903192006671
-0.7724253646335679 0.3956590862003971
0.04210761554877454 -0.08641499390562002
-0.40733985558944913 -0.45353041186283216
-0.7899198347932509 -0.9923568491091282
0.3876906799055444 -0.5244238953858462
0.03711083838277435 -0.008554533159513045
-0.7908613528509313 0.019839718597523676
-0.690954209839593 0.5899021351197127
-0.808224602747569 0.08076348909668588
-0.7110027932606722 0.14912379614292084
-0.7856415648786228 -1.1039918664454116
-0.7382239102052404 -0.7842285982628059
-0.15054826090756993 -0.2959273891102028
-0.5598478709075283 0.6721853254166184
-1.0489248641851605 0.4793583831039713
-0.7965076410141437 0.5695749530627248
-0.804616122336027 0.5422780321996155
-0.7558785979580076 0.3733562904980022
-0.4841420891929527 1.0470115314283195
-0.5253367304472438 -0.7352452217528788
-0.11880207966866349 -0.4587812863450328
-0.09763454965170693 -0.1803483782497486
-0.8146858022023473 -0.7539810722632405
-0.8462975897859212 -0.055343292800784996
-0.3102837560622699 0.4297806053802903
-0.9055508885189241 0.7098813189881228
-0.45434540647151017 0.6963014145125012
-0.4090886430142954 0.20612153987751955
-0.1608782263993206 0.32201356134438663
-1.1382300451898006 -0.4461404562533155
0.04412555625784581 -0.490769586136901
-1.1276656975821486 0.7157407612898988
-0.8529123739175761 -0.6897342687564026
0.79263710501478 -0.6524284430082418
-0.1121857984982107 0.1636261931007333
-0.32000612074341667 0.7905436012079062
-0.5179502999724693 -1.125208060684584
-0.7595502643117811 -0.2877301784322544
-0.39656316241023887 0.11697016042846729
-0.17991819155200592 0.547851945618014
-0.0925241884784086 -0.13976927182428284
0.01469362447980635 -0.2958887091218631
0.7256750700729208 0.14096105438580991
1.544982781062839 0.5599534369460786
0.4857344510785368 0.2871767805059561
1.1732059798928494 -0.19416444453490178
1.2205415726825415 -0.46252873439171377
-1.243712308156226 0.7932831928393264
-1.2028135050929118 -1.2389376874296776
2.303543743490076 0.888888689478139
1.5313600494807036 -0.1272788719296733
0.6467260738607428 -0.6786113431484238
-1.0015218231274137 1.198252438049442
-1.0656719374635921 -0.50837189536609
-1.1870638305450834 -0.11575225503535466
1.1424828277095964 -0.658518381288341
0.39044625924979753 -0.576631104884866
0.2853520132174996 -0.4920164442188213
-0.08303439009524582 -0.499788079776302
-0.903207869487644 0.20638472599839758
0.13015449460531955 -0.7716383328850005
-0.7244902890345182 0.6612604694027746
-1.0269916810664321 0.7030968018906854
-0.6216494765694599 1.2853939672606831
-1.1870832565738725 0.37535843811715386
-0.6217732004649447 -0.9339374670414822
-0.8332488297954406 -1.0645722653603327
1.3086740270930441 0.21422944942696073
-0.0012490944006962323 0.4022678820243292
1.1854140194974032 0.7245916589318008
1.2201140040748433 0.7637060149224298
1.2535747423820744 0.14740404338680865
0.876528077006105 0.7993450698742456
-0.374148156778286 0.12959098995363721
-0.19262567388219337 1.2347168685415593
0.17889563310436887 -0.14828673798768624
0.18387461269161193 -0.20391942501291713
-1.0057823130743935 0.8620494785347514
-0.3102611755949595 -0.6671241936261618
0.0851762793875779 0.49314060969790047
1.3823299294972962 -0.14386187891734692
-0.18976316402848 -0.7283366674554171
-0.11197000807253338 0.5744324681976618
-0.8134086394900815 0.18228240853256628
0.03569275083672252 -0.6726366107211684
-0.03231082401173411 -1.1195728011773205
0.07323159224977255 -0.7246572438590577
