-0.4485601034510839 0.5934777250881103
0.30606621247509935 0.09710563423846491
0.45103005424720566 0.7613493070912323
0.6516272226880582 0.9573815059899132
0.5112490069173286 -1.0172186731723527
1.3529400108812781 0.6070451974552046
1.172728985894098 0.34511125287215383
1.9851955385231017 1.2008254443234165
0.12022161111617621 0.351162271620595
-0.07417481396064056 0.3910686025667637
0.6898429637834662 -1.4226532605743576
1.6234772357917164 -0.31913435482634267
0.7943363394160027 1.1266490591061114
1.1745002346649298 0.42915693026293383
2.909567475726314 0.13880230734426519
1.9151900004442808 0.36586907202546237
0.1144167483499387 1.3807435951893559
0.9332684078774515 -0.712143164970908
1.6181408702304425 0.1943648495275618
0.46763755909010174 1.1017636690433945
1.5563803731268333 1.5035106941139924
1.741252432402291 -0.1888804282192749
1.6102115553871708 -1.0378609134647594
2.574651502087958 -0.6177277181960021
1.426467098938654 -0.3189465667034876
3.043331478346977 -0.32649395043993323
0.48671969919730823 1.6342028130088622
0.2969853319211798 -1.7601136382509082
0.9902417740867331 0.3873230122138906
0.9133887964803312 -0.7424495636093484
-0.9198789136460608 -0.6313066302304353
-0.5003398424034691 1.0341413958833756
1.3033129391360057 0.8844911734691588
1.5426320913954579 0.6595635537216956
2.1566834764646834 -0.35994821455144843
2.378583503403684 0.7213151357433927
1.695296630550936 -1.562595641709981
0.08759173835472484 0.9320443737481812
-0.537205947563602 1.862269992866854
1.3652112333675108 0.2583921867761229
1.334865658329315 0.3382918619554197
1.0051153724039579 1.3603792666046282
1.6160461269534905 -0.8992349833175927
0.4356013983796879 0.6488089966341364
2.2597503108876835 -1.0049348583979596
0.37117091670048463 0.3450237639779547
0.7435495319068738 0.9709655744331975
1.496610657908532 0.5322794589161255
2.2899854969893965 0.9305660697035624
0.672239288797242 0.720231628835817
1.1898129522258032 -0.8980396191739473
0.3011284091570405 -1.321027707249966
2.0105503334822874 0.8695772729686249
1.088962941396902 0.9969598939317703
-0.09788313573242577 0.2742973718166935
2.6141186086615553 0.4087585558578027
-0.3851646617634412 0.7995213178967668
0.7529173653075427 -0.1597656614298963
-0.8036020267644032 0.22962750512259694
1.349615657926373 0.6664614400811074
1.499872724383091 -1.3795116124282427
0.3421970466226095 0.6423650123889071
1.2543651258085005 -0.17061269902407503
1.7601477733520314 0.6952069240755862
1.483942901099182 0.659782681209202
1.1167427402522945 0.6803330254167058
2.5020279598384874 -1.1851615083792513
1.8104315945787461 0.8826290360562001
-1.225912544126647 -0.7949857276447988
1.357418831641382 -1.6470146592200365
1.2952737974839221 0.49999903403219703
0.6442158521575536 -1.359157414383704
0.5293730377389787 -0.9720963313356912
0.6010252031645076 0.39846547890305384
-0.2134238663561856 0.8906969335919239
1.4019771016162261 -0.0501337429581591
-0.023669192794822075 0.7695588090278125
0.4554446666369925 -0.732326850122139
0.29525260466725045 0.6983250428386523
1.3858400471657641 -0.2694640481652071
0.13204828904041277 -0.37353377853682035
0.8090337718457161 0.8848394740273021
0.9725719607485985 1.3308690113013035
-0.9098680154123457 -0.9138674700153784
1.0112868605636773 -2.595464977612356
1.5367319345327415 -0.8934542141426172
-0.054430487852693776 0.3252819195659607
1.2275675441041263 -0.4147953662479371
0.8091283176857866 -1.4847907499275528
-0.1622756931715169 0.47583029596039456
2.074341625904802 -0.862550826768309
0.5197343989891027 -0.31117552470152526
0.06847172792223633 -0.033278059861322096
1.4028738119177313 -1.053988220244471
1.4775011928650024 0.22901090895982368
0.9598049676173213 -0.31248581073727394
0.9564352157527665 0.4222443260140075
-1.2635842772609969 -0.712644139575819
0.3582174885655811 0.08891831184227905
-0.4468527303568481 0.011907937857966677
0.6641496698639713 0.5344036136518915
-0.03957577745380281 -0.15636627407412626
1.7779566962747597 0.037458161099001935
2.322824610639504 -0.7384749502024783
1.8889065548784814 1.2470367841846717
1.459161247261614 -0.44222734478954057
0.9747086416865013 -0.48754341024292386
1.4765801116507524 0.4275093835605647
1.1837413638231928 1.5915866687621527
1.4528490365075515 0.05665807222746239
1.8940628435844236 -0.6794455127130767
1.693041459158581 -0.24802211285024478
0.7509303895874994 -0.5946720826780295
-0.5477647780745146 0.29522221623620415
2.0969214731372 -0.5931041580678855
-0.15983910971153936 -1.7843898477987694
1.4719245179751188 0.11175212162395921
2.932718834928978 0.07575218444812387
