0.0787207749455639 0.006646390114266376
0.3062351179642857 0.9748361333045831
0.4090283637973302 -0.6808923325090429
0.3309775529975184 0.025955278140277788
1.2297120935216548 -0.5428250672172187
0.520734778586703 -0.2804393594865847
1.6045866918432419 0.6067613116653436
0.766831643235779 -0.5122715855385077
1.4476112858455736 0.15576124654019574
1.605385722876214 -0.24201488347644545
0.6558067416074034 0.3966666364179166
1.4267559730801571 -0.7191079352125683
0.6641988967309185 -1.0005783376718893
0.7013818486761817 -0.011584044492091106
2.1161009647600038 -0.04197273048531959
1.2270192919539966 -0.3133526809845826
1.32009703057381 0.8908136748865518
0.8467408599196756 0.21929878618875592
0.6270040226889988 -1.0985458594872677
-0.2503929176128527 0.35204729487762254
-0.15770609068791935 1.0243318921806168
0.482108472288801 -0.7200349820763357
2.127634456666552 0.7009007627169545
0.6582842194691888 -0.18721586632029275
0.8290159302022927 -0.6548833293293618
0.7074621675639481 -0.18114413348583072
0.34653968545638264 0.2385222803873959
0.09154615145803258 0.04930917118399458
1.2452536766418554 -0.9716360636550754
0.35011756023998575 -0.5191302987203756
0.9066912941021047 -0.14518506728791947
0.6652019506541251 -0.6617941074952419
0.3637208828917099 -0.2590200021987308
1.241730972673646 0.9728033369735278
0.808434621916543 -1.376475281467552
-0.06459426763675755 0.023697628746268407
1.0072912791255428 -0.7257238834123568
1.6371997849275757 0.4641038177694423
0.5228123642568363 -0.5340912767691862
1.576329006808278 0.42029622731615496
0.4655964384496119 0.639062778300968
0.310099141663001 -1.108629504353211
0.5204360876950685 0.6476114832466815
-0.808080800597323 0.5988260113311007
0.20211178778785735 0.3805865408893188
1.0861262813029366 -1.0000316247381575
-0.2414709987970845 0.26687932604033515
0.6730443172763464 0.1858476692624815
0.1289027298110836 0.48265124164809015
2.1126921493218203 0.7627861857114734
0.3431544107367913 0.3921094494167178
1.0872089605932356 0.7986838055777961
0.8017457825554792 -1.6321301700890631
2.2512472285486087 0.5379806455163975
0.665471230651918 -0.5431415685641638
1.498796834037486 -0.354837293642672
0.9409666459603088 -0.14441901446123057
1.855128838251442 0.708104216358795
0.8346983755377837 -0.9399143556135803
0.36474487286807117 0.005691426507189679
1.9535295334118203 -0.3503494016564954
1.3181198868473136 -0.22303988425328447
1.4058880246318735 1.2048632232764025
1.7369923591262926 0.4804426365866859
-0.26037158483402406 -0.3912929872269465
0.9875560334883944 0.9959864140464707
0.711817995301431 -0.7660744112084383
1.1702996127196514 -0.6336511297418477
1.2799145670062755 -0.32127871647376127
1.410603929951376 1.0260141558870144
1.5338176936015184 -0.5568420102894353
2.1461673167136732 0.683737837094601
1.5659024247264264 0.5178773595053099
0.7530243679946598 -0.6563807610321606
0.40703930824893564 -0.2712762112216234
1.3607623003435028 -0.0457271936124449
2.138931276852094 0.2923730463550436
-0.48081503504733997 0.30970826324383455
0.5805297384653789 0.5021523785829627
1.0030134852256252 -0.8269537934890052
0.5089493401647947 -0.5060226118394809
-1.084733821016951 0.41408648253424957
0.6493140032182207 -0.5649998359343676
1.427197614109777 0.24881256553443043
0.8956561021838351 0.639179899977683
0.4264896219413995 -0.0475375474585952
1.0255383322281129 0.545207732897257
0.24809471609437034 0.8644520264624057
0.4881832227767493 -0.411831158220343
0.6999892464557163 -1.0595680694022218
1.8970168278613089 0.024050822298714525
0.28355430998057257 -0.43344662384719945
1.483211300855707 0.02375056148875694
0.2154949421079353 0.4601096374945911
1.1593991611954808 0.24043914799335742
0.7865605639475892 -0.777191232601042
2.002449580508841 -0.52297518651676
0.13248907916265523 -0.11428245225748354
0.8143104912130765 0.4938236803808834
0.11107988765142143 0.4035592750042018
0.5731263596383431 0.05575319152093198
0.775924471502329 0.5351192179474926
1.5615757323032202 -0.09347101337993907
0.48102869922371166 1.1774543685774814
0.14410602884318857 -0.6994675847018436
0.22983036268957674 -0.28843589921112656
1.3667087797583233 -0.33676462448134536
2.342567093373896 -0.6429224430694153
2.022977985062467 0.23513976576746928
0.5789095428613403 0.08755693462383823
0.4926707147954987 -0.37928285798742145
-0.3376832203806174 -0.5275298190961601
0.08137759406184036 -0.22108414889165393
0.6492484730716339 -1.0206321259359248
0.5505810679644559 1.1532201005735452
0.6027541640914953 -0.40473527827003003
1.000239433570585 -0.25987878903985867
0.6189765704096069 -0.9895719070278912
0.4947496693810783 -0.3113197932758016
0.9706803096981794 -1.1061848175601137
1.1147591488978947 -0.8543425152680091
1.1648059152188872 1.2664344962369642
0.1617303693038616 -1.0859159169784378
0.48329961657266396 0.08045246361334094
1.5258837686900353 0.31814627740256224
1.975333814177138 -0.8441409313849957
0.05257312155674965 0.5597455741233626
0.5135266533820053 -1.2640520908657282
-0.009392111584839768 -0.571675310311097
0.5716105927766129 -0.827122854135493
1.7359632145302593 0.9665394694870282
1.2840522531970946 0.682613438293919
0.5986753754370475 -0.3120932173740416
1.70207787535964 -0.26180259693928165
1.352721317906127 -0.983364579795893
2.0181810192718155 0.8636680572818187
1.6676239324154372 -0.8702801352281027
1.1258223698507597 0.8363634269207498
0.3598810024396726 -0.8368994627792625
1.1535412176800834 -0.5236478952869927
0.08177080414411397 -0.6141853664002177
1.239314702933158 0.7748261334907446
1.7940263806296508 1.0454079026890455
0.17844451803985306 1.130418590753004
-0.9422744806029176 -0.460798215089532
-0.5366278756029194 -1.4724808469060728
-0.8553379076502956 0.3133995539483512
-0.23360088718531963 -0.5557951577734832
-0.09967728826957142 -0.28731340325704147
0.12692938297714482 0.007231988732389338
0.0016487893318228863 -0.9341031239543424
-1.4092469104198329 -1.133450510048957
-0.44345981650738053 -0.23038868999752898
-0.5662903916800432 0.3324068611614917
-0.3258893922466174 0.035660874990705194
0.2844158178510462 0.28824702133793906
-0.4928344574765399 1.0832941807232166
-0.325260022894732 0.11944018359013713
-1.4674607715177879 -0.8991312984229928
-0.5600929523146841 0.2478235452857042
-0.11961619117820427 -0.08851398803954222
-0.02518741390243387 1.0172045243736616
-0.1229947623154988 0.257808140307757
-0.10229987973063354 1.3080411580996423
-0.192563273286461 -0.4720524914562793
-0.6927318121082527 0.5310684438954022
-1.3446782193312072 0.5067684353479744
-0.34572892147440526 -0.4878944661223512
-0.9626986274518023 -0.7774635712702918
-1.100005374800951 0.33861409690185
-0.8696710842095048 -0.15578498452876205
1.5951720586661993 -0.9343521648473609
1.2350562031266334 -0.23035105233904152
1.6803552397180073 -0.6272569808764581
0.7908680925322168 -1.0015211821526189
0.28607151511495527 0.3176801394190101
0.5367854257422571 0.8399925067668776
2.308618242775317 -0.4233468443660292
1.036536324824825 0.3974310609122006
0.06512641743292596 0.2768645181210332
0.2906122083617849 -0.20025547774534333
-0.7358900194157981 -0.4857937309349719
1.286774459303119 1.034954459070339
