2.363208627809953 0.1596196361522389
0.004977956808912221 0.9367619409832932
2.350371343513404 1.8507431475584948
2.5795064161221024 0.6528107498541215
0.7153684989976944 -0.575753604019803
2.265145992162687 0.45367168005211944
0.24591187611069087 -0.02867121291809932
0.6224079087092622 -1.132010581547936
1.8366657207068522 -1.5864554583521788
0.8116346131250142 -1.5939391973350423
1.1789177772610038 0.6467624910366913
0.0009982335661414266 -0.7324734540135797
-0.30117286437577323 0.10289792911905338
-0.17639247748044995 0.10411375905690526
1.8993943879339046 -0.02565474855034939
1.0369687570442143 -1.0423109853225412
1.8041835117941563 -0.7507027054496425
2.100785723823768 0.5915062117004964
2.0829956421763502 -0.7057756551981239
1.067424382363241 1.4209515753670323
0.34813073395817096 -1.9005686149896692
1.7634639021369984 1.1353899906566602
2.289514243872962 1.1930200525488026
0.7000886222056889 0.467678665069411
-1.558456196902931 0.2537149295700712
1.2620534391070741 1.0442794875514982
1.2337308297964151 -0.1236289718397267
0.6715067436476927 -0.7556921768889415
-0.26454913855721346 1.6897711423324246
1.5488144784299587 -1.0921477486296516
1.1177751455935536 0.5812586018169227
1.2288713357951433 0.23265400206722497
0.9454566733256533 2.016439983507953
0.8621488525552392 0.04693947816570199
1.887861165280244 0.20439358480380715
0.26304672157118014 0.13674964568476855
1.8872873888190544 -0.7324559247513022
-0.0786024558820492 -0.25055657268926235
1.2406990537335751 -1.2478621837996913
2.195171703313288 0.3518062624454993
1.1550370883345273 1.1447697478083185
-0.18998880060591972 -0.08628038562213114
2.192400031145585 -1.548386435004823
1.0267104663366262 0.40058447047879747
0.0019091185272788191 0.07842440209620158
0.8950110995634568 -0.7105677910800828
0.9229255479306242 0.21903991806076847
0.34370412683477314 0.4253807806552601
0.12628336928017753 1.0011605792455254
-0.4134743403034519 -0.6775968507844443
1.1589476186648444 0.01664281149045982
0.7250287110989809 1.250790417995229
-0.4294503068722582 0.4611244826406348
0.06657799275619292 -0.4483813414851525
0.2813347984452712 -0.7692993968855707
-1.298732238974158 0.13433456331567842
-0.9222201630834891 -1.3721865375802758
-1.3825848900247206 1.8770316856365594
-2.1067324599433457 -1.8342507722113626
0.7075023484877295 1.822065511345038
-1.083853871065473 -0.45441683417931705
0.570811792980815 0.10816109650536045
-2.243988090004285 -0.7766735480173439
-0.7187153878382655 -0.4241814036121693
-0.5835122068247751 0.8230908676894839
-1.1684908709070736 0.987228922128851
-0.058066511697027146 -1.3392120898297664
0.012236676370974225 -1.288461390800232
0.3005651861776339 0.3778069412212833
-1.7744290182374833 -1.5060157210289475
-0.6469542486965013 -0.3113674865282396
-0.2289327266248079 -0.12716059948424097
-1.763289325560225 0.4761918187197539
-1.8989112255268694 -1.3424304692344118
-2.3983680320911693 -0.41938553904784415
0.7385516506991081 -0.7426215442418206
0.40502008737424405 0.4803954662695765
-0.8680134251325304 -0.8422497851513331
-0.9412612971396429 0.16812167425311014
-1.0700094283057917 -1.0966192516732365
-1.873035058813357 -1.2432950081500516
1.3227173227104008 -1.077886791513297
-0.5568416004139075 -0.5787782035195201
-1.0099620360044497 1.2569333138824135
0.04478751697666444 0.35264807447022556
-0.43972127633017233 -0.3519533833636562
0.025120755875218448 -0.1563609084270191
0.15292908739700464 0.9910954678956279
-0.622893006288938 0.20825362399393066
-0.9522666593864266 -0.7491185113076899
-0.4542133889029501 -1.4756750019682057
0.666825981069822 0.14659787746577807
-0.04993622889352786 0.028549312591480823
-1.0552766390357056 -0.2211007077605619
-0.710703948952434 -0.9674041275740441
-1.644658443535643 0.01591748668128834
-0.3786847688626476 -1.3536982237692676
-1.0875566916784434 0.7869271299009575
-1.701983413511692 -0.41940814618021166
-0.9537874227224024 0.45573779561003946
0.43884866343883877 -0.26793312833667726
-0.11388905276573538 -1.4401675417282414
-0.9841165280277983 1.136872856864183
-0.15908345600809465 0.9367194911672184
-1.3564786763271035 0.9146500259607271
-1.3364864831812948 1.745601922905008
0.29426803968716875 -0.8243644933627627
0.1986679934611385 -0.4646163234529948
-1.2310895072484533 -0.21839024692671655
-1.0827376432599283 -0.6970196372528654
-2.3471099255688443 0.7376812537696993
0.5268640736966573 0.1060922267292217
-0.7739993514878923 -0.8245025145513646
-1.0882927813784182 0.28832038076554944
-2.037810215720282 -0.30261610646058446
-1.8106802788380891 0.045943788102720866
-0.8575325883207372 0.536554314175256
-0.7959231424310087 1.4236047598185029
-1.2035020648700276 0.23996911546752459
-0.6705054841282388 0.917603157060912
-0.27321141143442873 -0.5037813661810464
-0.44575722612962954 -0.9601405804861483
0.6429801407712056 0.803577492616103
-1.5548129015918137 1.615373585230701
-0.49007179682935614 1.7721576640913934
0.5270876397918017 -1.2138871941520932
0.18862230007797232 -0.28173235821245185
0.2552810987215143 0.010710315675586668
-0.23262259669355634 -0.5740220059585863
-0.44843589244363047 0.43312731571190793
0.2363369258303481 -1.2826423038233823
-0.8581381796521762 -0.5408618885725266
-0.6618926921220216 0.9210553118391831
-1.7895304113474837 1.3494167263915036
0.3320780353630698 -1.0187683387606186
0.988789608954526 -0.17013214020872347
-1.0410321761114458 1.676329378085156
-0.21813492612678959 0.8872994145620311
-2.2128660024043496 -1.3928767411842542
0.8141120619849238 -0.5031314528219424
-0.7388522096746913 -0.5751206935272504
-0.8580797006714234 -0.5596191452032705
-0.6181743527645611 1.6610707869308317
-0.9104333068393622 0.19014994635893048
0.16012021339881174 1.7954579253786465
-1.6423399030388917 0.8501456042505681
-0.8600648109783932 -0.32046539455839357
-0.20914130987991764 -1.0277509477703952
0.6043023907193745 -0.24200951044861616
-0.8067633738626936 0.21985230048380178
-1.7275525490241976 0.5149769978173372
-1.0855365339865215 -1.1734675296395647
-1.0939428228126353 -0.3324094103810593
-0.31881909641900963 0.16772495069977222
-0.8714765972946807 0.6707367097382522
-0.41395755817230595 -1.3028774183900775
-0.6961043356248591 1.0774347131319075
-0.18929486027537717 1.0937420436180703
-0.48691060202849634 -0.8202050006426445
-0.45071587831461096 0.39835817267555074
-0.5691694161223977 -0.1596270561076623
-0.1551369085768134 0.5984193544680476
-1.1549731521389484 -0.6359202316461775
-0.5378886172082278 0.16346845324266565
-0.8323685080344432 0.28090684650858544
0.21114603366892523 -0.1637933114272423
0.5650378186813206 1.3064324376601206
-0.8815000166974782 0.0274924875936422
-1.0416276942161296 0.27947449870624735
0.713893364983673 0.9964721794396743
-0.48751459654915114 0.3306944402663237
-1.232937967361632 1.015951801150827
-0.6380663633860352 -1.1188611221568516
-0.8729094303477345 -1.7055400159483485
-0.9311148595413721 -0.08716618377779073
-1.5333947513471902 -0.4127103139227803
-0.7073064711911563 1.115526253209802
0.2157100475093157 -0.1602620398373126
-0.5298072545774399 0.30845600701915316
-0.9982849560887461 0.40274950182360525
-0.9029285649082328 0.5498319899941393
0.1931230316780032 -0.46865943979432706
-1.4874260256755503 -1.0286377094701435
0.7634512005899188 1.526747961598617
-0.49617762472175647 0.15796843002228306
0.16048063575610405 1.047020527530417
-0.8908385342378303 -0.57015012108424
-1.3216304354142077 0.3856861056172153
-0.38127660469587216 -0.973822499805547
-0.5615562569191734 1.5104463455752495
-1.0158580206886827 -0.8883882612089368
-0.8068480367950965 0.8528273252169011
0.662440081876399 0.3397987617238918
-0.8033567058457627 -0.4312229229490792
0.8559148175871595 0.03602654896433799
-0.8682907689137261 0.015845168986822963
0.5019128079713868 -1.574532419144567
-0.4730275023595356 -1.166252597900844
-0.2430976402294597 0.7523653492866041
-1.1895940053345808 -0.07195913979755136
-1.273410768374577 1.0854217519297826
-1.0297405502863932 1.3940179171799094
1.7424050382920875 0.7018521659881714
-1.007024193841032 -0.20531258189004403
0.16034455655101437 0.393737767051481
-0.9357515997227904 -0.23269705936732965
-0.35329615905997563 1.1777719599279621
-0.9953536875080162 -0.11213047912778307
-0.05213205505893198 -0.6817700100829729
-0.07084788017117627 -0.2045470147637089
-0.5621545010618784 0.04463743462872538
0.6388235176010929 -0.7471296528187561
-0.7969726403222691 -0.4673329214914346
-0.5585835354116755 0.5125477857809523
-1.151088163437725 1.1144719325567174
1.1916411274075158 1.0172156819605254
-1.3606384648041088 -0.9587708466859935
-0.4871777998686386 0.19998807535266178
-1.359928559790164 -0.09455537816444981
-0.6164448290387057 -0.49109540725463274
-0.3118176502148027 0.5580440770092117
-1.7566042705841296 0.668537196907053
1.1953176541191162 -0.7234954001744639
1.19865280932139 0.6823091255675406
0.3449752134323274 -1.0577415053435426
0.14534395018392313 -0.009816891277869444
1.3918321945001941 1.1079781106059459
-0.37774656238652793 -1.056844906658812
-1.0627632461219771 -0.10288950617806131
1.3741054553103242 -0.20683356111789405
0.4017788269400382 0.8076930521466226
-0.7637219754375038 -0.4234757889843791
-0.37302805004476813 0.30825160259939544
1.4496789450143241 -0.20491071698412872
-0.8445489243071718 0.8715009084130894
-0.6481906036414 0.9178465107602981
-0.686645426015099 1.7400906442064323
-0.32338113890609116 -0.7186733046215863
-1.4400528626311018 -1.8781437678909958
-0.9341552184306396 0.6373550562499086
-0.5440777219214076 -0.4328511236628405
0.08282313717692324 -0.8069472317336907
-0.08792612455997961 1.0378520865460956
-0.3255113901140876 -0.3314115638821805
-0.11120013628816738 -0.06410353026657044
-0.9176574004186068 0.11457083191361439
-0.3494284409074214 -0.13082493601554246
0.21513838658093676 -1.0542301190044134
0.564333871501866 -0.35285446711166535
1.1349249958479044 -0.4113202990869442
0.49471353053520706 -0.5861474545773425
-0.36115925078496824 0.8758359398413302
1.835260356210854 0.11672805580524748
2.1987736846211363 -0.6472654819573925
2.249823011064877 0.2974982685929497
0.5462888957901842 -0.7473403453879495
1.5859962277523663 1.6545452034093233
-0.4833133011482411 -0.2381740374657964
-0.27720762936766796 -0.9224166057392236
1.5992577141295732 0.33469456161181865
-2.07904420108171 -0.527748695511274
-0.05248420896053782 -1.14467232074809
-0.0853257856508225 -0.5219482752996184
-1.2305156090173308 -0.7933329941596741
0.18921363986903394 0.8576253136817944
1.6714529242897738 0.14220341755821808
-1.2474336354038498 -1.3044198531088973
-1.0940765862601152 0.5706548464291095
0.8000177846674391 -0.7239576141397823
-0.34308699230121786 1.3278369685843372
-0.4609060031110406 -0.7449701840846912
-1.2360813571645415 -0.06769360830123308
-0.6415572232832323 0.7811290998536945
-0.048016378964223394 -0.19199817997765428
-0.9984999214756157 -1.1105506085553682
0.03400958953986438 0.5681595230030272
0.5086279113363386 0.018212231407412842
0.30311266561801076 -0.7902421917190462
0.25038251117365856 -0.16434514468472566
-0.3608331479622952 0.34444246975436504
0.7807246812659505 -0.07506901698758578
0.09080608271488394 -0.7647871421148945
-1.478607514486191 -0.9066864019572568
-0.8077062636787945 1.3097656947894052
0.7888429391584538 -0.33373202541668795
0.009628242503840978 -1.099026796364544
0.42085106818856477 0.2498125743875253
-0.3325070154611739 -0.9364156812816835
0.015124832902211227 -0.03293006503231466
0.14757515505515245 -0.3696288413883526
0.05389242493856239 -0.17263476561287222
-0.35218470210300623 1.676060363279734
0.5117493741001956 -0.4039525428581804
1.2101938275762398 0.27390733547676044
-1.4271744009659115 0.9998143765371377
1.358524503770814 -0.592608110862789
-0.08079793688702325 0.11994317446120234
0.4175229665567617 -0.6722029537188815
2.850046732280478 -0.7811678182840961
0.8140470642292752 0.48692896750281217
0.6690053675431638 0.29910379571618667
0.6628791622933786 0.11654981240817308
0.3228750394110533 -0.3296969928732931
0.5248359687420868 -0.5416927513165953
0.4007482820146105 0.020538947169858462
0.11973381311364506 -0.7936415464206388
1.1424830381317634 0.6225863270648445
1.48857568590309 -0.1780080731949124
0.22424352771042494 0.8750010228527046
-0.8164880983382188 0.9136948657858855
-0.2769393622321288 0.6598756361210409
-0.8128654485050713 -0.5964930049123718
1.7745745472472847 0.9701029544254138
