0.6693098426282537 0.293721530724511
1.8250233072838187 -0.38982112336397357
0.7991185072314902 0.36995104199246553
1.391351657486469 0.7848475913433417
0.20285079764874575 -0.5070572408236381
2.6238933872508485 -1.0314082708068073
1.4893890169287538 -0.19576320524610036
2.1615282876913433 0.7162666450073589
1.5923713209278776 -1.2442249582687508
-0.2923112188608101 0.7217244142698126
0.8172337380024874 0.6078148513306012
1.0413733332803985 -0.31070655551984916
1.705248360128356 0.5818394049591219
2.2803343711132347 -0.59959366546103
1.0112245210935067 0.10789374011864625
1.9024836817889073 0.5477618956979109
0.8874927364638368 0.5287667616605902
0.639524267357078 0.3739849454796923
0.5182275599349314 -0.17270602851209796
0.2683057908848534 0.614365348208477
0.6934772055521239 -0.7126807656331273
1.191023753888953 0.02374677442886372
0.8418520715052006 -0.16345737673852634
0.20111098173992945 -0.9667490295986667
2.0153009059592533 0.286970382007006
2.011728189986912 1.2656617001480894
0.977787952255611 -0.38836871883143465
1.3275227428258076 -0.2002030388609698
2.093040333094 -0.6101427995735673
0.48588857396712815 -0.5246128613141463
-0.026109773056782082 -0.3278722195059722
1.3653463106710348 0.2946640482075253
2.061142828239348 0.7268041782899152
0.40772612959892424 -0.13050445845809525
2.398614301926408 0.2233429117053071
0.2141848889969606 -0.300575094199718
0.5372314131826222 -0.3423465203098111
1.3698209656060065 -0.5290737683069786
1.8038185077235014 -0.3095201939686323
1.2646683802776248 0.7940181950001197
1.142009557692455 0.11390222900606495
1.546746319642166 0.018304254054527347
1.9914267722092673 0.2257826999906696
0.4618338750566955 0.09080164026211933
0.7486223548163385 -0.898186016908454
0.5947422637601976 -0.713605027639389
0.1617710338128085 -0.8860415860315543
0.9674194837033174 -0.7574940899684207
2.021058737801719 0.02485086364189168
1.7323763658598228 0.22387323691463656
1.6356785260214568 0.5028688118614842
0.5218724846353533 1.1127845387928288
2.3120889417986477 0.2243411240859903
0.34199258749615946 0.24387950263988115
-0.10016171283455175 -0.9608918733110972
1.8917152417110867 0.6414481758222459
1.6213702752899757 -0.5530939652290263
0.513561081724987 1.597168239331848
1.326189063301198 -1.190990717439357
1.9445181996475656 0.7854988404817439
-0.4961603649309072 0.21800554366873232
1.6896305681827062 -0.1816373402150651
1.6385823953370258 -0.23119528935857167
0.9497640632650493 0.24337319908301452
0.474210147235489 -0.41025874707566873
1.081568220998912 1.1655915227081568
1.9870097574160412 -0.7390938175311336
0.3233527957934126 0.8337564055009672
0.9605905980482699 -0.3421105764164958
-0.3011442662190705 0.270354372485977
1.3121548665271416 -1.0290996076324241
0.20026514868765663 0.6739614296001226
1.786253769035445 0.7745831469259883
0.7540071100722461 0.07059920162447222
0.44308350877287367 1.385998322904801
1.741698712375496 -0.5011702315179795
0.6312069658550988 -0.42697839403472154
-0.11372249449847008 1.0879977381785535
0.6526707989931007 0.9718991377721435
0.9889105586417809 -0.1622545600195638
0.1408586799746344 0.44404017546341473
1.6854076965483014 -0.6629939756470191
0.9114939504762823 0.45511194954165535
0.021525250343071456 -0.5070936734822858
0.5703049060009961 0.315439437854177
0.998330693974464 0.7833022023642284
0.5384940537149874 0.956630033239949
0.9593683429101026 -0.41718962984491614
-0.1684287865554943 -0.8669157052873093
0.9913764098325485 -0.5752025966582835
0.7940182851274716 -0.037803006438621584
0.3103849364100471 0.0370314553953907
0.29418160133918203 0.7551331635809143
1.8339524977091937 0.5583837078190189
1.3688633812844642 0.3762197640023676
0.7146555343837232 -0.94661494134812
1.9631272985655452 0.22327401364096833
0.3033309530898209 -0.5483432317823873
1.4987022935892196 -0.9386736001900756
1.8206276528799354 0.64478503280944
-0.00667145287472129 -0.9611643975608828
0.73866706713648 -0.6825147754982486
-0.7394878648573535 0.8186613162862372
0.42870347031437883 0.23871717752846308
-0.17905254381238755 0.45779019761608164
1.0282081533485141 0.48352910014884776
1.2484436288525569 -0.10387644526727782
1.9722145931767738 -0.44834867483929175
0.6704012030468147 -0.35298258443361896
1.456006895087025 -0.5462850341650999
0.49200947953480545 0.7901239169505134
0.5615568320604074 0.6979205751759809
-0.48074513415397924 0.8353946159333174
0.7441541097483846 -0.9298185238658736
0.548240531839071 1.1209453465811996
0.7330029549941202 -0.7262861798354752
1.155635160886456 -0.055032576551346774
0.7574584555964529 -0.2189537582345836
0.4784389669464827 -1.3609487595743777
1.1526322436777694 0.8884427549151505
0.6204623844693459 -0.844798860782472
1.1734443263621002 -0.5968131613261662
1.028622755534125 -0.7676910769599862
0.5831940586199827 -1.097691367067254
0.7538283422805565 -0.09697319026905848
0.8724366826975307 -1.3973225446482378
1.168016161903535 0.743355599910131
-0.18172007279615499 -0.15847710677495871
0.5635408687456993 0.5040585243197058
0.6161939915103374 -0.300218228707509
-1.3699386388313242 -0.6677107671245144
1.0693250104767191 -0.2512057479169503
0.21303646924597439 0.29430818216257815
-0.2823349111744346 -0.7597646674268805
0.48650512941356855 0.5820546794391284
1.285529092984654 -0.4390803478004125
2.054724423554985 0.6795679092416456
0.4551601119911375 -0.2392383493891072
0.9632227677456481 -0.32799701546503346
-0.16876476925935419 -0.8304831607263038
1.799089413186834 0.7179313183787821
0.7773685912485537 0.9218400811327698
0.30513452762106485 -0.27646506015759176
1.6737175729585836 -0.5653877962491385
2.2870733112333643 -0.6863582686299121
1.0070630654994817 1.108325831662853
0.8865022198246736 -0.3414956754751862
1.2767589672349824 -0.007933553909863167
2.065470721167692 -0.3764312610339411
-0.6518430738236594 0.4714860283760045
-0.6063199791126679 0.6762366215597467
-0.886756329834294 -0.8966182349722663
1.1108503283458704 0.7646997226489489
1.4021148112239166 0.7829299384919012
-0.06735929688493969 -0.08226345456184567
1.872187785181481 0.689473467996907
1.0247316570097136 -0.31016387067144097
1.227013231644775 0.24809368502642465
2.021404948870608 1.0591963149670687
1.5388652786935886 -0.42124835717090126
2.2798651761697597 -0.2912988149549506
1.3966523223067768 -0.23395621653687237
1.548132872332241 0.28274726428674807
1.308911377841814 1.4490182931420041
1.351708329695408 1.1981069133412596
1.346651559132784 0.41089175633239455
0.7394198684673339 0.6937314073875434
1.6811511418779321 -1.089785282455211
2.517215226949542 0.044239018369162386
0.7275529410855677 0.14992049339474858
0.301849623442326 0.19204828912582192
1.4635564805226569 -0.5899868456807742
-0.3320299470220593 -0.25257952305481124
0.04943440013790357 -0.6484982872918952
-0.3717911850719199 0.38420629656019756
-0.5256469191351711 0.04464056211945966
-1.194691936423718 0.3424416336125816
-0.8183220269463259 0.9318643911518869
0.3766829760387671 1.063815241827521
-0.47191052660317084 -0.12789121536034553
-0.4256664949565314 0.9015522592550331
-0.6957078578862519 0.6332053651503771
-0.2796226189023865 -0.9529875861199071
0.6052162515080736 0.24600749783210452
-1.166370795140276 -0.1633204923338686
-0.15809470494339078 0.3731116650937861
0.4503127143067369 0.6182235146444188
-0.9737009974786026 -0.16716050374182037
0.10461415248353964 -1.2894450053671958
-0.2223784734187622 -0.742333916056436
-0.04215605766940338 0.28172075930978807
-0.07257671524907444 0.38835468335257683
-0.4690828744432891 0.1772510378737666
-0.23301670770929966 -0.15529781190747793
-0.06187106494042949 0.7461463917697744
-0.8937294857195768 -0.5763111736928894
-0.5031747840468122 -0.08284621193920866
0.018072875056367455 1.057558194827673
-0.7588606021102493 0.34697299532546255
-0.039470083518414245 -0.10746415362385142
0.5486262007128657 0.32090310189692917
-0.521137226315894 0.09990537695068515
1.016760397766857 0.8646212645293107
-0.5386037973221767 -1.2232428909929023
1.5670654045302561 -0.14021602317194667
-0.7631795024183881 0.8224625066769458
0.8283971093716571 -0.02000377495174462
1.2401580620983068 6.845697221771752e-05
-0.6880712685800852 0.6338713898943
-1.0715881144784978 0.4104526790751222
0.06555402909267627 0.785381821211012
-1.3760220787725073 0.029955481015743746
-0.9221136085659366 -0.1241642689935426
-0.4315746460993267 -0.5527776373530986
1.5632035521022007 0.062121910537973474
-0.9215833509441883 0.3229268728318588
0.24863381228969586 0.18666705442449877
-0.5976613081658408 0.23355946850654186
-0.1818469577604705 0.509132687422872
1.9016226630946904 0.8361988893622164
1.8385179399998208 -0.13848301978230843
2.078856318930782 -0.488263271319286
0.4902773098028878 0.5394484168203562
0.03181821464217954 0.21229991715699936
0.7963981583989342 -0.5422050897971046
-0.6047423882531859 0.07499201628738296
0.09153950680253609 -0.9657844409394117
-0.587288863907514 0.7485989333375593
-0.48276786904163393 0.5681198544091723
-0.016795385840451094 -0.6740833420032329
-1.0356092250150377 -0.1225256184330161
-0.40144442609598596 0.519227116027232
-0.10317020263280871 0.6961534337324313
-0.5429699763228212 -0.9886953584487709
-0.8252909972025808 0.04303168946063596
-0.6681072459596336 0.19169416209955378
0.001072928201139245 0.41523589774309533
-0.8268339052604272 -0.9876658209760755
0.38506238026220907 -0.7194055082137013
-0.4263944330759006 0.4024896022027314
0.1426704450653353 0.2734565773923763
0.7987764829609911 -0.6986209691111349
0.134128540502911 -0.7613314618189715
-0.2888555683159942 -0.19346469864071522
0.06601685690591344 0.12144802067856905
-0.3127900612368118 -0.44137366905909237
-0.5671026630310957 0.0029911257421702947
-0.08010197609620748 0.3448599646058024
0.21872611885315332 0.18075976233882549
0.18459180119720514 -1.2311204728989444
-0.1655276883802898 0.13798173970270838
-0.23572167023617288 0.9356063912102581
-1.9799341557406502 0.01950306978366012
-0.4890905709160858 0.2339789887050232
-0.9494655144848012 -0.105132872310116
-0.615213905746527 -1.0493792276914464
1.5825235814155145 0.30827189814933564
0.17179378862351555 1.0006843966306866
0.8660544655041313 0.2787841017877052
0.6407425237058246 -0.2642076487979469
-1.2947555802639825 0.5773152346129841
0.27992984348279043 -0.9666429177809276
-0.8784351056792654 -0.17747807289146517
1.7168087007980253 0.9264761531860563
1.866749521014252 0.4190169981351786
1.4521389854477513 -0.5362024184790702
1.0912106431581148 -0.8993006977629411
-0.4873109405474336 0.065872048200242
-0.7481226418444231 0.09377214633148145
-0.0662863287405207 0.5972740523092677
-0.10123753240217664 0.21396103446640827
-0.7422081882229083 -0.3639238586976423
-0.2139404173825527 1.0756305509686503
-1.376484770315463 -0.4278344883929611
0.5005715107173125 0.6514660156130536
0.4538277303708956 0.578021614544501
0.06293968159868671 -3.140793642836606e-05
0.4781730597253532 -0.31420106196957753
0.0012077500953760617 -0.69586337344588
0.13419313954281492 -0.03577937133859025
-1.1723243773408372 0.4237661183273662
-0.7746981687013215 0.7792083965169281
-0.29037950523242523 -0.4477705273592296
-0.5232465772134758 -0.7899164399567999
-0.4716441123798778 -0.1748588629229612
0.5881400067723275 0.5578176880351157
1.6200207040736152 0.34876280421224676
0.9131784638250676 0.12380773289969045
0.9402003705632318 -0.21905843998972654
1.1266933404793966 -0.13268133627105233
1.7911489184565517 0.3539302031981365
0.5442415131416449 0.5482983519368337
0.947610441643486 0.5645755190235143
-0.25926004435713024 -0.2719628238527571
0.3227835744842521 0.04800051868191338
0.27031736688011915 -0.024884061903559823
0.33745217289682206 -1.3848150738206393
0.3541443278835174 0.4643220981276099
0.1236715215162926 0.6439226344441387
1.993517093124732 -0.4011529217874035
-0.2101280089010867 -0.7112055226589709
-0.8081211195064416 0.3304670912618205
0.49997588731064174 -0.0884338294216108
0.7461376619971043 0.9912241131515309
-1.6458734072100611 -0.3952367683452711
-0.5355631452472844 -0.1333492426529696
0.8147614819746501 -0.9548593612469798
-0.2661316694016227 0.14540475705106948
-0.4719357503708462 0.5701780043833862
0.5186576238888051 -0.8449896124325964
