-0.28175092833969817 0.9489591215400082
-0.29815318445251515 -0.559507996102709
-0.604875629505661 -0.8844568348225086
0.29475059457879105 1.0017836503996307
-0.32548763492878097 0.24512714364302068
1.6215529709534047 0.4853612708250424
0.5999306824572788 0.9801089400184851
1.7096833631009758 -0.786626053615422
0.30575497316129624 0.7378747043955786
0.39115634968473434 0.0012790038331671472
1.897830278323032 0.3659275037032097
0.3273333642007471 -0.5915590826596034
0.8333817253819888 0.08114705877263503
0.2355164665284898 0.6240736095059468
0.33008638068879 0.3337651579642088
2.4389586841608595 0.3503542037729043
-0.02629483666428866 0.7604871938045467
1.0078312545873278 -0.168494645903939
0.7079494966671749 0.6370724524665528
1.6370770283225116 -0.4607546000589773
0.7733229457026649 -0.7528956478394743
1.0962885515585046 -0.07154108131804865
0.7779995872269927 -0.4366307471848544
1.5604520689238028 0.6686324705415562
-0.20781975077456158 0.37043938364340573
-0.024901666140943635 -0.001513827692911987
1.1312181213356753 0.0959522805687773
1.4308249884742024 1.0998173420282815
-0.027283271273048748 -0.5347683838973419
1.9487022087101082 0.7288542191851102
1.6234309091669423 0.38576944383018386
1.1238290748584343 0.7195334516876211
0.06429406670789717 0.6983585322858664
1.6136342092836653 -0.05384088803940011
1.2781319160389943 -1.0294581567579257
1.111883917152366 -0.7542662007882927
1.4368082569165597 0.2590451848782974
1.8996104176909299 0.4837032409472514
-0.2203098054347682 -0.6017044208232647
0.8212417131544175 -0.5442443570520671
1.8753086984554497 -0.5216054169780595
1.4212484841678141 0.2831071280744127
0.1645602045099374 -0.6822324196426804
2.2689150324027505 0.32202707483637055
0.8996763392856725 -0.3711685590820428
1.2181720370163664 0.006340545334294845
0.21108710625216914 0.9922694638481846
1.5718185852157285 -0.17128583320397048
2.362741533484762 0.30651032884202856
1.9259542969873404 0.048237685309690324
1.2770336107189884 -0.09508032798940441
0.7867714182339394 -0.2091308198778262
0.5382630955168 0.17616575844610657
1.6587158448432104 -0.7207304361761991
1.0909712925218014 -0.3783927608003774
2.279918563583199 0.6711215409965375
0.7117001979228536 1.1381671349101317
-0.3801023829640613 -0.9584995372451635
0.1975998294680641 -0.6133742067743484
0.4089972866294498 0.3420038033382045
-0.040519623774853665 0.4938636720768378
0.7707950353076893 -0.7797842375187183
1.5490964614453242 0.7931265043853626
0.6871836943931724 -0.14274458837512594
1.3459622815792391 -0.03750936164600514
1.1301279964329205 -0.7753412813693362
0.8551022824176524 0.23461275509504725
0.5620499933242202 -0.7492991110588486
0.683999482033308 -1.1872532697346467
1.779644354656999 -0.17348219114764582
1.0306772920613376 -0.193541709352883
0.6534304823434671 0.191426341083228
1.431598845603788 0.49510373713286043
2.0918368891418058 0.9309096693935934
1.3905890127631637 -0.729702923982223
1.126129598854269 0.4352465221404347
0.5010382425684697 -1.2346784869908143
0.5807222825003324 -0.7500363423070268
0.3958497555235589 0.882541651952237
0.8764250445808468 -0.8038930962561032
1.0836971455601305 -0.919821519724232
1.505499897916061 0.6775765906907967
0.026330419136212313 0.9435791781527758
-0.2001841096480437 0.25876413298646883
0.5944142447600986 0.5644055704472754
2.380961987926812 -0.5689291869550028
1.6640135938174194 0.13212574691631118
0.15632258760114703 0.9060445431800335
1.9215458871088238 -0.7691471238596821
1.0790779895559877 0.5460575716426362
0.804523349718105 0.09631984690731055
0.4709742821216603 0.20145492783782032
0.8680811648059205 0.27797695744647666
0.9396151575240332 -0.5639265830195328
1.8688141738457613 0.7047128615026401
0.8973109786246594 0.500122845324456
0.8187593964486686 -0.6023957082872565
0.659537645728301 -0.21791585795888457
1.4887442685609047 1.079386329509528
0.6228446637875054 -0.8839919235907403
1.3700516800275642 -0.7891872680500565
0.3208053246762095 0.6970351734613025
1.5957027770001557 0.5122723758586888
0.3559411869447468 -0.016531662839164935
1.7623800387627737 0.1833067970786418
0.2658615880119485 -0.42142856929517447
1.5743793850489063 -0.5782454072320147
0.8245576211052725 -0.16567193273212935
1.957527097566066 0.6171429484306611
1.027708500949973 0.81632821609034
0.7066371455964882 -0.27155891786210923
0.4625773005296201 0.26461968877206815
0.5728131482837131 -0.8090115998163798
1.7625604638301775 -0.5850146049819157
1.4896749888908658 0.2768277234223103
1.232049373993479 0.48911219467391553
1.5332219490518182 0.109095847637902
2.066855743696827 0.2993999527749349
1.137865228687744 0.5288263556079666
1.1275482021355412 0.45208507533240144
1.4669047758674507 -1.226135548805616
1.2945097207792415 0.360820175013458
-0.21230648120783258 0.26754714195994517
1.1052483226784386 -0.2876301137822729
1.2667178349274573 -0.24573856244334058
0.34695464315801583 0.40469124599002015
-0.27199608684787113 -0.030829032073952434
1.4302497709883915 0.7995986948237747
2.1482709171097243 -0.30009961206815006
0.3003048765857283 1.3280899283592609
0.5326436656932143 -0.8984675134564674
1.8092146392771271 -0.5612458521084311
0.7226969049092797 0.5854993018961643
0.763184918563768 0.2553155304452888
0.1290271590678301 -0.5497983304078743
2.1419257819312105 -0.978156607800675
2.4015606320729663 -0.6139625491546835
0.7423926112372061 -1.1591792173785844
0.6042269829872456 1.1932398063217842
1.1546229061282376 0.03162572123333843
-0.28517791021629996 0.573548760229944
0.8751331555412188 0.26231018730649963
0.4624570884995465 -0.7049029111387819
0.18991450650851371 0.4652836270569006
1.45417034426244 -0.11372002600949614
0.9685908441963438 -0.15704321559535978
0.7739302103893009 -0.8958327794414142
1.4009401024893489 0.9204814692251784
0.8477072287834738 -0.6669126456166209
1.847386622318041 1.168488362267147
1.1353363469241105 -0.4710382845251279
0.8263976425395967 0.27027890322085185
0.7816772182958182 -0.3225724677079995
0.37092561491991927 -0.22730181833574975
0.04119245795682694 -0.7611412028520976
1.819928993288049 0.0090083614394382
1.6823625325248808 -0.812699319274961
0.7233671060072424 -0.4440513815229661
1.1110535376886206 0.26319000966895567
0.7359151578954293 -1.0725260265096326
1.0533675123058424 -0.3222205385440212
2.0279070851875796 -0.501278289837578
2.188805641369857 -0.0435437823535651
0.2053560853416228 0.3436430442745643
1.4263908063446342 0.14651667905338117
-0.297577600147236 -1.147301058377796
0.9380079530722278 0.6153494343532196
1.3306521111692504 0.180267179678903
1.0422832524687762 0.06798892806090603
0.4376965498366484 -1.2888206230579837
1.766087459766146 -0.8455480861217137
1.5840884731864981 -0.6072768184556602
2.0870298680450503 -0.5844571387868196
0.5646717008948071 -0.5302904660767755
2.370406801375976 0.4715677312999451
0.2809980397799093 0.1166373950691964
1.7217358198580772 0.3600080928063111
1.4078314489455335 0.5496087161487688
0.7577464334151517 -0.2787431538145032
-0.585735166932325 -0.9953287085374293
1.2248709993143758 -0.3555804178330099
-0.49058077462307736 -0.8025826466756949
2.192481085380359 -0.38135060441445856
0.6332016117885549 -0.9648336396137109
0.09569564343128006 1.0549728922529755
-0.7381024754995451 -0.8151866647056905
1.308581476084539 0.13850766959650623
0.6103947325518728 -0.6943617436419923
0.15834401213338345 0.2452033479025724
-0.1408771214348672 0.1331491138853062
0.04891379044263125 1.0834937729016993
1.5319322893803373 0.3076336328370486
0.4418101835083096 -0.7137834702863761
-1.1323061259998168 0.5424234400470267
1.7461635544744871 0.870907892188212
2.4843812689994342 -0.7958453125095445
-0.47346935881557173 0.4712676588160404
0.4210007829864376 -1.0423728462652244
-0.6036092171831907 1.3680817356953847
-0.06397537348006033 0.7208620636594951
-0.4973661773031718 0.2936491782048141
-0.3001112946399481 -0.09325152084911092
-0.549482425346101 0.3132388546164209
0.3168464184886134 0.1435475102669943
-0.459553708622055 0.08431466139521615
-0.32429163736677713 -0.06853913183266283
-1.5809950548808016 0.029791725805850183
