-1.3339188828391721 0.16973173072092138
-0.6948901001913018 0.7491736814936261
-0.3522487695860128 -0.13194061722901296
-0.955256488107219 0.008392847801890868
-0.15893407443844498 -0.5483422277081639
0.7088440755674207 0.39611397289434813
-0.9128798768027272 0.5182707434364419
-0.5969001454173762 1.286345642979093
-0.20090068886123058 -0.5983874571884471
-0.28916818070615685 0.1068941148835682
-0.8203958609346867 1.0589536159211832
-1.5007854929539284 -1.1178002107211917
-0.2493226518305141 -0.5545072808312862
-1.533839761797951 0.396806411078467
-1.2167503906718824 0.07549865953316764
-1.0170616489702333 0.3297309975854189
0.1433501704037992 -1.3058984737807955
0.7686412205332995 -0.933325729483521
-0.3327051274321042 -0.2916851405701214
-0.857804686392676 0.14689866155423337
-0.49854897595773834 -1.4037604633454264
-0.06478968095739468 0.18329168318210404
-0.7553304868179803 -0.9331332032501758
2.4878059734846367 0.3746114489019537
-1.784441713944231 -0.6291979873674556
1.0295513820096338 0.6594459072682605
1.6879088851558652 -0.9939390837897724
0.352232941118689 -0.09441499395422848
1.8907736724027533 2.2177423284488276
1.812447173124592 -0.8464588880615219
1.1393256556246714 0.7185916008347788
1.012375230567218 1.017696915184175
0.9897138652591133 0.8438282488259626
-0.6412365941129512 0.7382725087537636
2.0086332088608545 -0.28878479173791466
-0.7824592432225774 0.8961220861036493
2.099461514681603 0.26256520859193055
1.1601001402693911 0.2254582520856887
1.3089754535636118 0.9155502816171883
0.3062830883214245 -1.3851674697667362
0.6223385654514874 0.3403094357905674
1.2139597598392742 0.03889052337268946
1.800243946056673 -0.14730173764038143
-0.0035265930913543353 0.4029187761830145
0.6909103078436525 0.11113584298496539
-0.2910665125778866 -1.19817057986568
0.8443734262884978 1.4858547137714353
1.0151700046319447 0.10521954702316884
2.460700854311927 0.12039723237535424
0.2641623789445671 -0.6186142671576906
0.1850009757976533 0.4185172933438386
1.7226485805502763 0.2949044429967624
1.5763088473457778 1.1437410661777607
0.08971481236986152 -0.646407068322326
0.8128411262303333 -1.1673043060191337
-0.1313569276477902 1.3687917369695084
1.728985545670089 -0.9276192620527417
0.004473850997722628 0.20253649306422106
1.731482441292935 -1.1335740371087202
2.7475245362753955 -0.4746158454759542
1.0658611149222352 1.2739528914110494
1.1930708636145408 -0.6758357879539523
0.9461123769546813 -1.0989241893905404
2.235812865761594 0.3663266389696894
1.0971661942799849 0.11619705267994795
-0.21714507227652569 0.1272469074418141
0.808857688891063 0.4024013231447178
1.8074200192606633 -0.02740328839014139
0.41856761574526435 -0.0493988061335639
-0.39515660391204593 -0.6359856802737072
1.292951583931298 -0.08689435832179734
2.773949697408627 1.4756791249698171
-0.3791975407099918 0.12326168055043346
-0.6843661915808364 0.9615672800222468
0.5927805657437821 1.0844114988756883
0.22610421121639745 -1.429936164334329
0.36872193977528067 -1.1225122266873087
1.3846347132934884 -1.3527798049664992
-0.2142631833505242 0.6689243073237907
0.5903624757834149 0.8578579435640215
1.7574209002645005 0.019976111158736196
0.5942091334985987 -0.6401650916804917
1.3876419942008016 0.3980855009129348
2.124300955337408 -0.5309151338565741
0.5690516006090617 -1.360311507370403
1.3288119613809213 0.310453688285936
0.46691675455514514 0.23850167100423203
1.3593929200660608 -0.23914018845630144
2.2256398077365684 -0.8889712894913309
-1.162592055918455 -0.7638772840818056
0.3249645459712504 -1.1458326773194574
1.9288986897768376 -0.013588454737803679
-0.5957149279698065 0.7884523428575014
0.6023183197749591 0.6000748341839041
0.8633461751860516 0.5486049664648021
1.668374143763083 -0.9137766354710601
1.6833859018688717 0.8204868539329577
1.0205245644730256 0.0779988145220846
0.8477354124973429 0.021756638198446615
0.8441220321330902 0.16905325874081356
1.8958637801090221 0.498885773818278
1.5480024785445718 1.4370370757554518
2.3701308569932142 0.25915673859217625
-0.19778468710233288 -0.8472587979911613
2.054757712972041 0.29221230214983984
2.610216033762563 -0.5111409148590831
2.261476773882018 0.9517492712409149
0.4402892919416518 0.8103952400719208
1.5939798409371013 1.0148340312105761
0.7018363253747637 0.20357012920925455
0.5934235871253937 -0.6322305935586385
1.5894643980570151 -0.05996274274679225
0.7045897289515712 -0.6518334438852081
-0.5637747536155944 0.6410303586987697
2.7055478719836916 0.7724523066133665
-0.3408640147227007 -1.6860090106376944
0.7781520257251264 -0.4152080386280088
0.6832437711991697 0.48306700738142805
-0.0013053985856648076 0.08717914842342411
0.5485860449503536 0.0877502594380698
0.5592438435657618 0.6931540286670548
0.6531172048266559 0.5683522439458105
0.7446607050926941 -1.2001003158425323
1.5723605347875975 -0.636838715592811
1.9087724420022254 0.3421718498686913
1.5233312882990127 -1.0011648480461899
1.4477076586730433 -0.0264883879866728
1.4709722615766683 -0.07244674912954344
0.2674258311081915 0.010847454075503339
0.2685557945576055 -0.2575104894667872
0.33229811277050725 -0.2688902543978663
-0.3257738259775123 0.7317403660206638
0.2604228387235583 -0.9785686978267385
-0.09735585364217514 0.3131402049492244
1.7913475410145232 -0.5289372441174969
3.1875087076978206 0.9486480538593002
1.9011300407770664 -1.4818779803387478
2.450899884365154 -0.024161380943399813
1.3824726791071194 -0.3300198373683713
0.6251741285700285 -0.20359148953869916
1.8892528958262294 0.03187924687937928
1.8961692585244143 -0.23955556471825323
-0.4762195377994166 0.4048518107264896
2.4095289673068376 2.1558954981623173
0.5529107755708536 -0.8383548968398831
0.2572875188167098 0.33141031170720103
0.8257502283393694 -0.8239615649707428
0.7680093838596971 -0.6599586046867477
0.7231984745072654 -0.8966311028526591
1.6130716501571503 -1.2784125069694685
1.500034556804637 0.29509848626141555
1.4424435673346685 -0.6211004583546591
1.4882769090467654 1.0714951104945796
2.2293077057805295 -0.7387703674188725
1.1555667412379882 -0.9983071392397653
0.5586407612916818 1.8567028030017998
1.1658137402877087 -1.2803463159479709
0.7719030840925739 0.37238835413653903
-1.243864053499932 -0.7919702153288846
-0.3919678127376763 0.26818874691222705
0.3143244914604246 0.2581155882888965
0.6410510812758486 0.46768978540537476
1.1425024748256039 -0.2528759788160652
0.3035592069636392 0.9642663357506006
0.566691147981665 -1.0397470305431522
-0.09435194813602714 -0.10543917392277219
0.7238714369354243 1.062398106683821
1.1172909485314202 -1.4562235503315306
0.42419821254135326 0.21134237857845745
1.0909115587251892 1.038284354668712
2.608277278013094 1.0893286620410456
2.0566309022053653 0.4349252216377519
-1.0069117975897421 0.19201214417326684
-0.1422518428193652 0.39157397042066777
1.321507109137047 0.7169965845979246
0.7922826773456679 1.1062682261137795
1.4597353157834145 -1.9889656842844934
0.8935635112741129 -1.1744738349480168
2.6736477557160634 0.00574605173400764
0.12966585694670657 0.38307623156845577
0.3932037566506571 -0.05126219342446653
1.7990879512610118 -0.051699345090238935
0.6358132355061892 0.346368401271964
2.7446070501238964 -0.4231894993547865
-0.39244144107569523 1.2620459790956906
1.3163811478942489 -0.23355025297122117
0.6291499849918933 0.004441544747184341
1.8882176740935093 0.2059769509700975
0.1079592582550003 -0.7946605070045942
1.8559186548433817 -0.45281119424262306
0.30388657699756566 0.8151708348926817
0.9754835767380435 -0.47284998766978215
0.8985450054291473 0.15711176582570957
1.060200707158502 0.13739440179375728
1.4366755384316625 -0.6997435664602415
-0.5706911532009952 0.717373925685727
0.5531137209307008 -0.5518879712260458
-0.5352385107594828 0.8808125992697641
-0.47467841811193984 0.3462799707142415
1.2342186240194057 0.36652835645086623
0.1510750035551821 0.04114770984172775
-0.3588772056029451 -1.3668194182905182
2.728665543687316 0.9055655832176435
1.2069528229857478 0.7328907919164646
1.6095439347139566 -0.6758141134208144
2.7618274692630527 0.4493174171694276
0.3623630484600209 -0.5151680819458976
1.879248886129736 0.5298236987766569
0.9336502530337809 0.5935248222399747
0.6755903478780227 1.2450292260351443
2.032259123930507 1.1920857010807626
0.2740422805519311 0.6548181291121491
0.699146210180777 0.5602593728489854
1.0549341114359772 -1.1402531787655852
1.041723394717688 0.6796618078875163
0.2838592747789761 0.13579140060276207
0.4448089267765694 0.7022684713787275
-0.7508970674973947 -0.2858854653457737
0.9957477729304138 0.8450257864908279
2.341180758207061 -1.1223375367803226
-0.0065659000386456 0.28772904727525894
2.297322336562147 1.4279859435832583
-0.1261789638303773 -0.6957752322489217
0.3366021984124792 0.6845104097983243
0.8199642809160228 -0.6860671486029475
-0.3955660528248023 0.6435685585657105
0.780992042446933 -1.0943284151178645
0.10238876162182164 -1.3617900433755885
-0.5877568780923296 -1.253802069097623
0.25713309411967433 1.8262176327610211
1.0914458108024587 -0.620256208744516
2.9036321548216217 -0.44868328658239914
-1.3374761034984473 -0.3673723419231774
0.2521902935693021 -0.5373346461199959
0.36281101669216 0.49514454697368093
1.2507473909832088 0.3282278967181801
0.9411059347614138 -0.32272085319508204
-0.046755027712654385 -1.343392358484255
0.4370229453139699 0.9594482049367931
-1.3303914359201099 -0.7487144991109815
0.162649457843416 0.021048186790094736
0.4791535182541587 0.05610402485311456
2.12841388816802 0.0379458995095546
0.9142343937408817 -0.0731286019657721
1.3098198206338647 0.9438518469418158
0.2557479016180977 -0.6990645420260568
1.4543400200576087 0.6408123097905185
1.085579603114094 -0.8501597835358432
0.9512601256341389 0.035445675856988226
-0.4495251130130405 0.6652231793566643
-0.650574165478838 0.48264944726527265
-0.48226100846594444 1.3220348552376093
1.3954431079613412 -1.5162251580041017
1.3752526536315992 -0.24938847073562156
1.5856811278896723 -0.295592249449865
-0.21837892638179152 1.3260855818106576
1.465519500204023 -1.6897407991813396
1.4365285052681205 0.5629526559262964
1.9676305451038636 0.8051142753252227
0.39480441676277533 0.24969177704396414
0.9125567285280809 1.2128943847924227
1.9140110806225459 -0.007054087957740318
1.528760101563623 -0.7412207575277484
0.8152712321534992 -0.7481166063608753
2.544731999720666 2.1014223039167526
2.052045461316634 -1.2908084822059387
-1.2161240736935364 1.0897756302127053
1.3446164546416965 -0.29159310526289883
0.7676865534398816 -0.41973718601069676
0.8586586317575341 0.22073943376488242
2.0436241289667887 0.8344639748648398
0.56174698712619 -1.0166664756057693
0.19154703011224822 -0.11805789213371728
1.7754732144026049 -1.1953502827009208
1.8143686793850204 -0.21087247862138175
3.0664077092308775 -1.4120811679719825
2.3802544600628583 0.5206893858035395
1.3592157767434465 -0.8706635562995955
1.5014614985981523 0.5846564217825185
2.3672537951726316 1.5527565694538008
1.385385915118677 -0.29168654654282566
0.30184509092728695 1.087826079311327
1.2493448891387051 -1.7818925657279496
1.9044773196334928 -0.5147342259072173
0.8398740012942748 -0.24022322811013047
0.5916158234512786 0.14628014906466982
1.05687071151175 -0.24681577772473065
0.503299067208557 -1.3690489342694123
-0.1705209726675141 1.2384742769659682
0.22721153617470918 -0.6007829178948191
1.267122519680802 1.1898101924917972
-0.18815544367044057 0.40900305357119393
1.3113227249529487 -0.7931799937285798
0.4025936123063978 1.363484506633395
0.7442101785575483 -0.004687525196947651
1.1558090447620462 0.9942946618906261
1.694714509182905 -0.6541178920918669
0.598594229711388 1.223119300388156
0.5341593533538804 -1.5423805358630522
0.0415037984401328 0.28310195124073534
0.34125382390368875 -1.5091158421822843
1.3519739050885748 -1.0137151894485854
1.6718162754066455 -0.4572900272448293
1.710440399392354 -0.467076450387191
0.5863923052900828 0.4910008190025877
-0.24136148529141427 -0.43144253713493647
0.7760297286573374 0.3065401510242105
0.2541879774990393 -1.2548910846480776
1.2001783890504087 -0.8812390711420316
0.6708810836751565 0.8838071934893988
0.7660062727418309 -0.5204282193594613
1.1454846978799436 0.38490351636506637
-1.628379478274391 0.03532013819468649
1.7494990539864972 -0.7928170846990411
