-35.243595724154574 27.289945800983688 -1.64864593061332
0.4001122159911352 1.011675927266375
0.07303109636405525 0.36742115881537707
0.17341444085686097 -0.33837121830443884
0.45302047678064294 -0.7405445970102044
1.0351499640375237 -0.32312193542286227
1.02876500149464 0.06947802805484615
0.8170427933402438 0.2764486606228873
1.892213426400811 0.9200275137110612
0.5348679954341269 0.1957802789948997
0.6255311696351531 0.24010522028070191
1.053395251346724 -1.0223864189309786
1.809182858963811 0.15507225673545588
1.1055863818246827 0.34962261792285676
1.5240896912050221 0.09425763919275854
1.9091805629687846 -0.9319918922117507
1.504462646129495 0.10555828173715298
0.079739802955336 1.0179542524784069
0.8768958555394906 0.05350371809974752
1.873197678813101 0.8529058034761419
0.005451047564296374 0.7914071642669571
1.622926337634789 1.0014619117817107
1.4941787363097285 -0.7172579187436772
1.723291020413129 0.182814301232594
1.924770810847333 0.2618475996830243
1.234690957659844 0.2886309303214185
1.8823264531030954 0.8547964035102595
0.3052800704352403 0.5657188747251729
1.3750091064936973 0.1956098635542911
0.14940496935536896 0.05848632553176114
0.9993003938798881 0.12975946398333682
0.14411205489312984 -0.18696123698351563
0.6963769974462066 0.2841402548949221
0.054852862512967615 0.6580646228473188
1.2068030801537089 0.03708923207061798
0.914599303549867 -0.7570674496783891
1.9406739308150032 0.7200773545595511
1.3678614653445278 -0.9923751025676422
0.33193823567564085 -0.2112651600194635
0.18022346316840165 0.8404068311625006
1.2827530451871447 0.4000801633452937
1.1757146787948836 0.38831368952015133
0.7239281835925802 0.6854673708262546
1.2441992295416657 -0.304126869758672
1.1335325056909444 0.493473589482192
1.922193479551015 -1.032113495169495
0.30040336749308727 0.4878467823258612
1.2656608298474645 0.18497181905326676
1.3055674735408198 0.1961975368890172
1.499081689704548 0.9587041127896854
0.5472424285068807 0.03315205769989582
1.5939669335864783 -1.018900248497032
0.1643382502384645 -0.8920299768345819
1.9642512402040295 0.010668484614152263
0.18512044919223758 0.671122969150981
0.7679252415986304 -0.348424852233854
1.7907460947900251 -0.6483803688148317
0.6063363109394848 -0.4025127791667904
1.3617247743213818 0.023394617256406347
0.7885497186410135 0.10664532422923179
0.41285258758794185 0.31861063987871807
1.5992660415433986 -0.8587798120557343
0.7767095628528029 0.8027028118523414
1.806612853988696 -0.1050511153353848
1.2918540872632032 1.0384224378693745
1.3725197617941705 -0.25744968916904576
1.2575030868220702 0.5774717194704175
1.1097661511486407 -0.5762271242839282
1.2623317226350839 1.008638620618515
-0.3862409678715668 -0.6761736867322723
1.840793333943759 -0.6648815589044832
0.5987908591619746 0.24756637235392853
0.5436856092825346 -0.5238745425898712
1.401115027708296 -0.33213040473763267
1.464894268863636 0.489271228193372
0.44344901855503105 0.06597711668369621
0.404740094304453 -0.4934591971440264
0.15732783532341843 0.6152856493287819
0.8034419949745799 -0.40637391018739044
0.543191829777673 -0.0017556859423095705
1.2942533258385076 -0.6818844499635754
0.6673575109630452 -0.1500330565566843
1.294308877437035 0.7321697845367483
0.8182583417563891 0.8778515478817468
0.200093546213725 -0.32763609953313166
0.863524935811363 -0.9874893904153248
1.0359746901320923 -0.8670950328703853
0.36911616978691564 0.21544073889330684
0.6693967898909807 -0.5474126515282736
0.9945010103470742 -0.4692431982861871
0.5459904712173533 0.772235224579285
1.7766819246195564 -0.6615031725942675
1.4146304829685254 -0.7654343628310945
1.0692858713818065 0.6276892727149559
0.5305190762237624 -0.887383264617843
1.5138815351295536 0.5902765426756944
0.7475611647037934 -0.4462165234303459
0.6362394716140334 0.8990015435208403
0.22661661981542514 -0.23901475914927706
0.1034229364795678 -0.7234449332081432
0.5604469004366579 0.738938637970463
0.5280335890477867 0.22882923687243606
0.753761473502903 0.40294187668193526
1.790297862831356 0.4892381991259165
1.750094798274441 -0.4558074123503424
1.3961905578216909 0.9082708242737036
1.5871803343074382 -1.0151902796409489
1.2789234906002753 -0.19349706982306647
0.8910640112516779 0.32532256220053957
1.5994096560617703 0.9544127418774344
1.9360757091642045 -0.3767587611564692
0.991556292216927 -0.27013847625213616
1.0670484527557607 -0.19012145066941621
0.27277395591883735 -0.4823418853314092
0.5868828793515029 0.35595034457981134
1.669889004538927 0.3314743263576294
-0.4601264086389478 -0.7705089942841736
1.410445344358057 0.16471979292727035
1.6213735415120696 0.15034325488821354
