-3.9993697657635465 -36.336640404304966 2.5942324850378595
0.1408026740235413 0.0872844750171824
0.3452607007803743 0.8647235844771943
0.5107264446505533 -0.8517656519643204
0.013601211315823036 0.28654790446285294
1.0782140816385297 -0.3945823444620574
0.3708763455637034 -0.1731653684933182
1.9400018375432753 0.10796059275579517
1.2472798514866845 -0.9327141872652768
0.9145740313784299 -0.08126746350978697
1.7392609515145296 0.030720525612221827
0.5957436560748368 0.4994306967509696
1.9693842197985374 -0.571955045305959
1.3492174297634065 -0.6419015244533671
0.7991661217246553 0.23264542756979378
1.74051837211116 -0.043928966912317735
1.1875935562073798 -0.2282193653211011
1.366313402806516 0.9564434525763554
0.9742019562189461 0.13333846522708104
0.07670103372489034 -0.6179418441257244
0.1571623566652196 0.5887342032674217
0.10965280256446253 1.0396657704953214
0.12461013818384448 -0.9854086535562577
1.9053297401747393 0.6534850161334493
1.239476592787021 -0.5386870020497051
1.1518136403916532 -0.5697327791763769
1.3041326037725862 -0.09969624635368413
0.4329015911122074 -0.18440812728960287
0.14166493970255134 -0.024247329247430782
1.4351604162440976 -0.7621906849016974
0.3726361002875458 -0.6829425291977442
1.299044810981139 -0.26444428032207534
0.9104808221809755 -0.8619304526246356
-0.028685454635598462 -0.42373330224677563
1.573111711078523 1.0068223697297058
0.09050174174406456 -0.4831495892373142
0.04961345153989871 -0.28821291701538354
0.7339322928191345 -0.4495778198431204
1.039450335341002 0.20440036276704943
0.6448328629195959 -0.5747404825485424
1.5615609434613127 0.16475308116881116
0.2984480424981131 1.0167246913589272
0.774699181357837 -0.9378588609627903
0.7878668755124525 -0.1315154706151478
-0.5028862536566255 0.40117856570213806
0.6906703434892236 0.4535358821884381
1.1125087285373008 -0.7538766496903476
0.18362641468599428 0.17729278796854264
0.46767091247371084 0.24795642954316133
0.36771734450028526 0.1384475328792254
1.9975637728810218 0.9347672085457632
0.1971070533044772 0.43868722837119245
0.7486480107424489 0.8062833638599098
1.614427715351228 -0.7760711665021711
1.850587714024286 0.4355222707225246
0.8488994316826926 -0.5399970445781911
1.1788820319337567 -0.15778562934873197
0.723523342862888 -0.3796810297707004
1.5398159507356501 0.8168947020759514
0.07264434430665245 -0.5202757232573206
0.732264480477085 0.2657096398616494
1.5526700724564977 -0.707189443786704
1.1646758863100826 0.02617123405254107
0.8959280147705515 0.9535103306905139
1.4151202697770335 0.23171420146974397
0.13195690051424358 -0.7055551741623147
0.7827939218429458 0.8528519672409105
0.7188784964786685 -1.0279889883926514
1.2208181714137942 -0.3203079507100772
0.6855126415136008 -0.34769000086088486
1.5430337256358322 0.9107531183961806
1.364969405693782 -0.3342637076901922
1.8507474639550225 0.8280438292002263
1.5812348114205763 0.7862063989520485
1.083703314797238 -0.1286676744852452
0.8155956129308342 0.08115021500711928
1.477454144540296 0.08197134285410557
1.9839323421281567 0.473540584210961
-0.6248523206768194 0.7633673926738462
-0.04367898301448814 0.552797814427407
1.29283222714339 -0.09195345743440786
0.6285731694370897 -0.11359187102653734
-0.48085478017185224 0.5300479044206527
0.7245076613012396 -0.665956364582288
1.3150718179822958 0.4393746646695089
1.57395412126442 0.0032501306456766965
0.7918551623099148 -0.2368946542582666
1.0766742396064166 0.25478343070475096
-0.20049889849683877 0.9019596786308917
0.740622816446463 -0.6457049657946305
0.8160525671630063 -0.9962165038834915
1.392125066916869 0.1245498786284236
0.43224632926341044 -0.3242712237784784
1.7886566662693246 0.16596418620032205
0.23740355226829157 0.5944085324978441
0.4904226394328872 0.569579601088301
0.6606826906874943 -0.3864999732523621
1.8407152210658935 -0.3632653924222715
1.3158028799014896 -0.7665526113744471
1.0870747283541053 0.1806642649611625
0.692133545781882 0.2668212917147601
0.8941617660757708 0.07583174441191542
0.8545901855689375 0.5866799753058449
1.7448469337003711 0.28049751597774697
0.5888540991005957 0.6368155076654896
0.3324340455288479 -0.2808424969912293
0.6843263488601989 0.2430630910526259
1.0760622301238345 -0.031943387313173144
1.7868671605639475 -0.740633136368247
1.4342244147291785 0.6482909010929958
0.6710630253030956 -0.1123917280307638
0.7625738605981303 -0.5125331190435456
0.1586897509512506 -0.8882872754308995
0.06644944975157774 -0.22746859594973612
0.6028383853541752 -0.9397671682153254
0.8488975154776539 0.8146185976021978
0.607331450488521 -0.32931793425316847
1.1599181150193671 -0.10194132184006843
0.757484032046043 -0.6662290010362439
0.7138541509669349 -0.013248352002654729
0.8197784529527663 -0.9986581318399618
1.353127860522851 -0.8147564088755761
1.7985168945550676 0.9816770215794028
0.016665045663859512 -0.6531529832534114
0.6219827347425355 0.2655635169109565
1.6051522434203171 -0.2406347650075027
1.6848219667373452 -0.9336248806619522
0.06251258725187903 -0.13758883252043663
0.16522690671118712 -0.6729328868601888
0.8139250728936986 -0.3851586680460033
0.9866308910044976 -0.28937948786822754
1.3598361051111185 0.8516513964791081
0.8382897388608963 0.8310388142674703
0.4936670021338463 -0.6049046583991055
1.2466084580871213 0.12806643250815086
1.4358118815647267 -0.5962901423972344
1.6101043450334807 0.9812064514843468
1.8067242301362678 -0.6430941374543475
1.4850224762358883 0.6956297305239976
0.24050619246960636 -0.7205334319243869
1.9785313960084592 -0.9485613676422597
0.7730198759228166 -0.6706862120702705
0.9450927501711361 1.0356688944672288
1.658526029309467 0.9597495576796182
-0.07492717370664481 0.953319644762529
-0.7397737753671141 -0.6753222267946126
-0.4847114308909056 -0.818663103881643
-0.6010653514373376 -0.34232942039831427
-0.6769103889119393 -0.668389355518957
-0.30994242252789395 -0.6325314101816741
-0.4595103315089599 -0.07266823021473001
-0.06160990662282051 -0.8841403079088558
-0.9708123756184549 -0.9140419650911165
-0.5688218333134201 -0.41594316006063203
-0.3847803944090058 0.4502194253070697
-0.909557910021576 0.21669214320250663
-0.22776470357423761 0.6921317265522375
-0.5752149361358123 0.8634136666008778
-0.32202616891565017 0.37097812120335916
-0.9421951383133538 -0.6828891955633372
-0.29319112685235127 0.02969555604602503
-0.5400570994967938 0.08688101135357962
-0.49445439530785273 0.9518231824716934
-0.4026492609838832 0.4028316725427237
-0.07979396112379833 0.8742618971610403
-0.09189459624514884 -0.0327631583835124
-0.7988259822865538 0.4971729570480721
-0.9503584688749398 0.4238037967096535
-0.18563391014628405 -0.5402525301602809
-0.30106758101033293 -0.7635363219462292
-0.9231220944995288 0.4823083673075499
-0.6402482210090977 0.3275701810222753
1.357047217072187 -0.7457603394917827
0.8039114553661622 -0.38347694843792857
1.8172093990705855 -0.9744314412954387
0.9020090530204001 -1.0286663279417385
0.009699067939153316 0.1544478904528166
0.958384042543849 0.5348906562181599
1.843025555427908 -0.16635044874593397
1.4119977791650768 0.2568274398692507
-0.037961676995913574 0.06924359067083707
-0.01605949468622503 0.16246681106115268
-0.7374217364182529 -0.5521919530624894
1.3183860188985816 0.9544747765336787
