-9.266028426055072 -27.66230552964514 0.958710863771195
1.335612803919192 0.14809828901850675
1.8885081894520481 -0.04307938583744697
0.8462013377929845 0.2114979682113185
1.8383747195564544 0.9010589622875484
0.048017570773213336 -0.47077507026677934
1.9671728921765546 -0.927108584332438
1.7506978874797143 -0.32497694543134614
1.5759768168682555 0.7715506139048336
1.2632540849398954 -0.9661474033294783
0.21607436612119058 0.9200505587157499
1.1013764754721205 0.6120933297501372
1.1970933996212887 -0.3808632684975377
0.8743324388830249 0.8506852743366611
1.909591507705203 -0.8368343988557566
0.9532238338640653 -0.06405080157037857
1.5700727836983868 0.6850836122667288
0.9795380171896055 0.5348787080274822
0.86756239262174 0.2549991647038734
0.5565862337768914 -0.3020380733486474
0.8069702773019256 0.7782767389298619
1.1038301982713206 -0.8725291070483046
1.3750073139497938 -0.09284106100387912
0.21449037600848508 -0.5992412900385553
0.10172447504735826 -0.7194846019443608
1.569659972091252 -0.1253349571684107
1.594016839795132 0.5666136588189365
0.8029247163444384 -0.5751246702043414
1.6277034736079923 0.15338417823881367
1.6285624528184912 -0.2629194068786602
0.4601689405459277 -0.9688483478769937
-0.37541685496171184 -0.5258900802111931
1.3356888012672088 0.01583611185230671
1.9537941896317808 1.0238094819620327
0.26837493244336375 -0.1991487542102155
1.8946325874047059 0.5120474517677425
0.5870174494413143 0.08892207795084928
0.20132016670416641 -0.3200725546577703
0.5301955871941488 -0.7400941733732336
1.889674635357241 0.21041331141660202
0.9363948106111972 0.7051394959261337
1.0484415508543115 -0.10744047879629404
1.71945172903364 -0.24217360199201698
1.4976118613205456 0.5619566869924084
0.868221938140016 0.12511273222389607
0.6265228280899482 -0.6120833189614838
1.1792580927071334 -0.5350379825586288
1.040642328655491 -0.6535656381848391
1.309824560858618 -0.602324055946797
1.9477064914205258 -0.4687872288697743
1.950644725238102 0.15689939015065635
1.724164601041688 0.4103895746996076
0.22576116361373977 0.9192049787163259
1.859826553241461 0.3738066997767231
0.25233355195670315 -0.04249836982633437
0.3077497418115622 -0.9226106143416626
1.9437601520559786 0.9704107400334283
1.4441028105180207 -0.5180963693983421
0.6891121315837516 0.9229720061921005
1.0914843105609928 -0.844424284847257
1.8631906922789705 0.3546205169181207
0.4201747369140172 0.31938635376647406
1.8547238818266933 0.3122181660758294
1.4061918908684357 -0.3116072173480672
0.2927022517077029 0.20772483193126767
0.3738265865474695 -0.6276006980694613
1.2786995899622844 1.0198870144192564
1.8523804110039208 -0.6483433062079142
0.329998659624831 0.2469590469547971
0.47639747341465455 -0.3052721606178356
0.49855466722031205 0.34283153709780145
1.7614642520494388 -1.0018412846742895
0.2561521063638845 1.0196783950681916
1.5654992976451076 0.10402741077211486
0.4570954593944372 -0.09207726968937247
0.5320713647432043 0.9057572088102315
1.436196447951105 -0.41677225081324487
0.5550303199294429 -0.24582889886939818
0.5108226375732485 0.8505016230273335
0.4594819083042725 0.6966695207084299
0.6581514881300916 0.05217425270771914
0.515816449796842 0.7813830500976382
1.1588877511800955 -0.4599253232483036
0.46588841853715923 0.11032054742354358
0.7947232435573302 -0.6922665019530472
0.5306129003391793 0.6436878765622831
0.8086343924558883 0.6911290873484335
0.2918188612185173 0.7678195177118543
1.058457277438169 0.015139030631543093
0.19575138688141358 -0.6512364046081154
0.4049107477008196 -0.43477951981191443
1.7051672436273293 0.06001091902581579
0.19039557938289842 0.4439171324124378
0.26182542124432984 0.8304774599346296
1.894552154690242 0.2516565089873848
1.1966965109637178 0.48710331715101285
0.4342357561437433 -0.808451665570886
1.5489831569433479 0.7984791179806687
0.76007977742519 -0.5515787171257529
1.301175412234174 -0.501835772143919
1.830766863193535 0.40972654943133535
0.12919541336029017 -0.7147950399743108
0.07449901057898511 -0.5154959554040911
-0.20845783799630857 1.0028839576930937
0.13561738007606716 -0.23510821335220988
-0.1721194435668022 0.9581982710494323
1.136626189524823 0.23716029621657486
0.3733599025275751 -0.43917434981936787
1.8710129828553193 -0.8399908478511167
0.9872660549526466 -0.29119561336284283
1.6945454298827816 -0.74824975421455
0.13965746432663817 0.6646936506114163
0.21263309299987543 0.6639600462496096
0.015378915712878527 0.9068938227767505
0.7088303021024742 -0.5711100941141724
0.05380121211754041 0.8762278594655106
0.5963531266833964 -0.8261481738167086
1.2117107507854348 0.05786506455025031
0.4574090214877584 -0.615313748941323
0.49775840243241576 -0.8729819724446861
1.229022676787876 0.6566511747133339
0.006604999977836812 -0.7080088123299111
0.6956445666722173 -0.6947551435893979
1.157155028978508 -0.6460167450694492
0.011793395326230804 -0.39118535541698507
0.11803801746062703 0.2601095964767597
1.6505973571115655 -1.0099698669351997
1.2157489218004036 0.7369000152493319
0.20219764877918078 -0.3042835645330234
0.4592620078490608 0.23209520786380122
1.278938395029353 -0.3878990054899437
-0.8777079099052286 -0.3798093067108689
1.7615788682593925 -0.13740085132237267
0.8150673606532965 0.4221690874484636
0.042050725393259825 0.28790572025343564
0.5381130243438523 0.7194417640092061
1.4142220804176686 -0.23299259984406973
1.6015361668159076 0.7164829483758222
0.15076110106102103 -0.49398561095150906
0.4038078733622976 -0.41088834184136
0.08805851160336209 -0.510263835201867
1.9499185878636647 0.36257655129476873
0.2422625866039314 0.5415877972817196
0.28515439177443747 -0.6105628278918023
1.19226883689167 -0.2552690571808959
1.914466972360164 -8.995527860000685e-05
0.6602994921259981 0.9716593212605733
0.683512471337214 -0.2221185499175794
0.9679290161067724 -0.623819839973029
1.787832385314843 -0.7625240097248616
0.09947497147916629 0.7272094409075123
-0.3584891671677152 0.7647055538319856
-0.4357447829179475 -1.0386588536063248
1.4849844525873857 1.0006019784794529
1.2200251948224454 0.8204172992542529
0.27392492655549927 -0.11959982190837914
1.5650187099030077 0.4580832334883278
1.7304863373480974 -0.33827993310975235
1.7361714016554748 -0.35703602026223236
1.7255752518009189 0.4475803009023662
1.3834883736914985 -0.32081332888894576
1.6963777668099826 -0.42135647110398133
0.31756633365651377 0.02309356473002966
1.6812311202689982 -0.44880590593197045
1.0889437286297774 1.0010813466979254
1.7645910361306898 0.5386494912255075
0.7707729533190619 0.30438416001685087
0.7898806430566387 0.15742759128612605
1.3963118468877749 -0.9356842760181591
1.8881758724118765 -0.43013612247095656
0.08817845454061457 -0.02657588848199799
0.15988663688293658 0.09386597610367775
1.9493599003556552 -0.17446714458129242
0.3259359094014249 -0.1291090448625265
0.7585442852538926 -0.5153147406549595
-0.9606966549952092 0.1567673979891735
-0.5432398673598884 0.8377978702997544
-0.8547048527450485 0.3220933902139418
-0.470064820323311 0.532400495449384
-0.21116813900164266 0.4402365961450905
-0.5081357639364998 -0.2132577569866213
-0.19784406295478862 0.9963368500618281
-0.5179478889236527 0.44271303110769855
-0.973589311435588 -0.614420953012154
-0.1307788675761833 0.30905439159645454
-0.8493626886463346 -0.2642791877823383
-0.3634746553827989 0.41823690758364007
-0.2061373479082632 0.6166777987990935
-0.4653542974372866 0.14642286139153526
0.22705254516007 -0.7766206550549892
-0.09182459694562572 -0.5077577492436004
-0.18195272940787588 0.5657549877277601
-0.5139686122757415 -0.12769271290371575
-0.5437635303152865 0.5618150781912494
-0.6181579717086589 0.30277415937774865
-0.07607378776851514 0.439977087794021
-0.9269505282281926 -0.6479903727500327
-0.8514998760688184 0.11108585843210106
-0.12113538572251636 0.8025311769110393
-0.49132801643652146 0.22759157266485563
-0.43460631921958326 -0.022448612884457875
0.0870801081869903 0.25863261201136645
-0.3320415962522729 0.025310945989626354
0.01167334518511609 0.8431381925781203
-0.7978669075009959 -1.0092040622684917
1.9540738153649784 -0.10875810116457463
-0.5538726928142486 0.939915595226954
0.5411318663283895 0.1096618123067894
1.3801757899095142 -0.17988052521606102
-0.5369677485803215 0.4913142109319657
-0.5286290396565697 0.23324743228062172
0.021334866782383388 0.8237500672023201
-0.7617999709171625 0.023220732261222787
-0.9572969543827999 -0.014736950003054083
-0.6423903376713745 -0.7486113000447178
1.7886678645835796 -0.2349451109077172
-0.48026812344295833 0.01489013518336324
0.3385219764220353 0.48982488244618105
-0.23531373607626072 0.19010630360167902
0.06365975478216823 0.3857646035626707
1.8937803542134124 0.9261493836788051
1.7862433570992602 0.18131799910394264
1.8665627684457782 -0.4732925049525869
0.8647144034928982 0.6971152016883562
1.0795328987161725 -0.32850277569005626
0.8027140630352161 -0.5637695596666066
0.3985376412404169 -0.40179353551360475
0.514402705439782 -1.000818138434331
-0.5232448033021625 0.8199352242781877
-0.32203637574149835 0.7857903627069176
-0.6560304124894943 -0.6976111385643202
-0.5829656997788496 -0.12154506894232164
-0.3935306042619269 0.14984854186775332
-0.6075267620108523 0.7078395684528358
-0.2528960237296327 -0.9148346769153313
-0.7331527072110231 0.031790782881358615
-0.563883292812013 0.7688868635445789
-0.016034730637641936 -0.017479512307456035
-0.4957913313154837 -0.8066145831337442
0.04531477542566842 -0.7719108936599981
-0.2597761569461826 0.6828025405025004
-0.0835078138749048 0.12616563047651908
-0.10252514777880994 -0.9390804814104525
0.05547383411119444 -0.6760614999957527
-0.17922075039450847 0.03802799456151562
-0.13278421236666094 0.017363250066705804
0.023201116419380607 -0.46031226516451995
-0.9003831830106632 0.19501410685051823
-0.2924123526568204 -0.18357771867667694
-0.0331832548963209 0.049571507348231236
-0.03257578953419549 -0.7947850988319658
-0.023613439998117713 -0.05912061678576541
0.020895602975129268 1.0202371810247743
-0.9602297741779512 -0.0033925848234974687
0.08845917895810129 0.3927515808533262
-0.5936772405628449 0.055417411623527535
-0.3927943316865816 -0.9149736585965009
1.5315946768614062 0.373700960150837
0.1151461754809926 0.7190245418082206
1.1792952657585878 0.15122293564128042
1.177135468986124 -0.37497723043055675
-0.7423031929871644 0.652533576857844
0.13418638789392645 -0.6762094209823172
-0.7345764731543876 0.1461128733486523
1.6364381256580587 0.9025099105943044
1.4496410019753778 0.31251126381969385
1.6292242176041558 -0.35344387625985874
1.2282796914795782 -0.6904254211216324
-0.10423570345412692 -0.014059101335113011
-0.6850143891714128 0.4244511022197772
-0.09798904031713151 0.5288859844781424
-0.5216769406133422 0.3770489879346801
-0.6417601702468385 -0.3190692742582294
-0.44664010006663757 0.7371495450097305
-0.962916805428765 -0.2389967106076012
-0.40990259960108544 0.9054843045420546
-0.0671010597258146 0.38752131285835234
-0.01399501462809205 0.28643571241064425
-0.012120944624247176 -0.12122569565031771
-0.12026415079950747 -0.9699726868094045
-0.27347140725964636 0.0582766226167164
-0.8165005060003235 0.3004449618582534
-0.7736434693836742 0.4095285880421071
-0.6157196447010339 -0.9992717691621492
-0.8157314638903844 -0.4647278703069604
-0.25217234617321826 -0.3317058708592546
0.7137813305239269 0.46679591356186756
1.4572310557643693 0.9592420624930329
0.5784347421547111 -0.06786336023996342
0.6803960244442828 -0.456042984648525
1.412604152779287 -0.035177285584442775
1.4503814445653158 -0.144378736221479
0.8372784966101074 0.9299345500128267
0.40862478901204025 0.3890945558477783
0.18636272463228032 -0.418702229773775
0.5773832811414359 0.04547937734826468
0.20293665777817083 0.32296476863657353
0.10595085328255305 -0.8889448123575115
0.8937645880779326 0.3896726858892703
-0.3665166295837292 1.0164807535673972
1.679823419365409 0.0976496836898475
0.07686819621661112 -0.020000038798507758
-0.8368904973286605 0.41834092652202015
0.6681498550286202 -0.6798961521849081
-0.15249453641803357 0.6206573576816854
-0.6546929743092982 -0.2762973836645237
0.06592169057853026 -0.39239077708881154
0.5339650685062693 -0.7705248639725308
-0.6513539796605355 0.1399035005052145
-0.4507492488985042 0.47773852655892335
0.8595871517489959 -0.919083220113108
