44.698987334073365 -10.358883480576722 1.2139923520818892
1.6701282063478886 0.4233150081626227
0.9579337115429758 0.6483341075523354
1.9413775494500172 0.6902586361462562
1.5909920167962888 0.8800081691710135
1.333434003833223 -0.4779563037665556
1.8457429609340537 -0.35595037627779724
0.0043720188052156495 0.3890706060760425
0.505528079990841 -0.24564128503824767
1.9383437302351987 -0.6954374406943813
0.28741710707805757 -0.9185490677018866
1.623352020087781 0.9596105506559696
0.7605964974082233 -0.26298491136191327
0.287799875894883 -0.09700296778194395
1.0812002970812897 0.19044230816406804
1.264084893799022 0.45142883076599905
1.1017611948941903 -0.8438876249693753
1.270660114896467 -0.059447981216811385
1.7941830618077454 0.805941349066309
1.739110891718945 -1.0459683278475518
1.3333626270378938 0.6765879894482847
0.1644266840033306 -0.711279098180863
1.8551428013001132 0.43631894316354813
1.5215346012303281 0.950669200931765
0.5731377504563102 -0.05739759998760874
0.038901286302682525 0.49809585644057286
1.3319368055795548 0.6935992129241202
1.8001244758395272 -0.8346912786067919
1.6698303921679871 -0.9918276988856192
0.5590015556764234 0.7349380576694926
1.6769691963855915 -0.7516223123462324
0.8806823628441676 0.6614026832271638
0.06866291545221359 -0.7464680148650389
1.2047233654994858 0.8946758572438951
0.8953715855829403 -0.40172338805043395
0.7951201747649022 0.43188567043563686
0.9946816810052086 0.00039743519012147566
0.9620521506159183 0.6740168868307277
0.1869579187376642 0.8975137569858449
0.7536064962618303 -0.8005709304665498
0.7615262247404004 0.7685965335722016
0.3242742834878527 0.7485801109664156
1.1500828545656976 -0.15868870631600762
0.9289441026928758 -0.8502259999882369
1.7882836417099028 0.5684701292090366
1.0598762366444885 -0.07443990758838026
0.505822049116575 -0.5792881799302132
0.6607635266078951 -0.2824135636763834
0.4605326059832713 0.8940618852959548
0.5073886368825753 0.979240764196436
0.057920318095335155 -0.7057345112485386
1.3150973330022175 -0.500269582154737
1.6390753124985782 0.9780998783031072
-0.5571284476805057 -0.008976179018390207
-0.8186316209119512 -0.46162529424838894
-0.3769276209269993 -0.07706633361991155
-0.6754648024417624 0.04007921848256224
-0.7281619033049853 -0.4650147841493305
-0.4677835213931979 0.42088258833435166
-0.99285196933107 -0.507589586331132
-0.31154657777036254 0.7090403410619353
-0.6238430786736637 0.2995053581089362
-0.43757693997653624 0.12140777877360076
-0.7773934175355594 -0.810700889078301
-0.3450008619582703 -0.48515126787982354
-0.09514867762372958 0.817365798480101
-0.567096483825302 0.847059574763404
-0.3279423378361903 -0.5453607455072117
-0.15338862631315264 -0.9150588916779585
-0.05901895254652256 0.10810979839496282
-0.4774669758777551 -0.7683061890081219
-0.5310031733015322 -0.5489880630365804
-0.3778862469185492 -0.48633572773094624
-0.7589943616252871 0.9101796262448791
-0.8222145595755381 -0.6660304532592762
-0.79393319265238 0.18133421337927036
-0.533125675770753 -0.3947366500471471
-0.3165897106658866 0.2971622236271547
-0.6644717098687883 -1.0471481612314635
-0.851049238490502 -0.679645001468578
-0.8405315069105028 -0.8165635155551739
-0.9407069841995562 -0.2618599806743698
-0.1409197385067401 0.04397765823241451
-0.7644912246902464 -0.21063309377594042
-0.14509034516008135 0.36857842769858395
-0.7026445946196498 0.8500106425252183
-0.5599665340155835 -0.3822696567289825
-0.9414862281178031 0.5876998963147988
-0.2554921081708399 0.7871761736103526
-0.67960278239878 -0.875326139144674
-0.08922696525435514 -0.35513069388730767
-0.4172117897553149 -0.4761043548537439
-0.04330164750815568 0.5207992008672391
-0.5672053706958461 0.0548809364183136
-0.9280234580845694 1.0022776402060731
-0.8089739777101544 -0.6584487307508604
-0.9793419909048082 -0.7216304905600656
-0.4706656426902611 -0.6937767956860396
-0.8362839809832806 0.935413112468318
-0.967054359190816 -0.8901927856368343
-0.5773160992350337 0.7002592091068354
-0.3409925048915221 0.16964842105795475
-0.24297797938918198 -0.822045355069841
-0.536858572546082 0.43829980209715313
-0.1381677089712594 0.539937302453666
-0.12232036633271604 0.8023695584895787
-0.4833341918613495 0.3760680572506856
-0.3319018656688777 -0.7777252216324944
-0.2133445397485194 -0.43624327209198477
-0.5301931449641215 0.3818429910887995
-0.4420930066655706 -1.0448866834786676
-0.7010609504578461 0.12101766145538795
-0.47762541725385854 0.252744594558969
-0.7964586344817014 0.8237953090360421
-0.4796905451671627 -0.5982600920915264
-0.8636155595778902 0.0691350608374024
-0.325011878623341 0.3547147650581217
-0.5117604385410847 0.25840536721603224
-0.25768901949106005 1.0039539130527035
-0.03747690095899814 0.9451675045116947
-0.8907820262590338 0.7881664405739861
-0.35804502328675725 -0.14568482555080975
-0.8464035590537267 -0.02432964288794115
-0.043175355452003794 0.10241088227290018
-0.4968007598220897 0.8211750584876887
-0.9252112727281395 0.34758773774509466
-0.14000396004054827 -0.9284030654788129
-0.6076696012351689 -0.6360962091482495
-0.17396210706893678 -0.18849396912103356
-0.9479690764237321 -1.0027377701485356
-0.5857878059633712 0.2632120984446311
-0.2493955840860962 -0.826779459991493
-0.49611693963585024 -0.6948937691252712
-0.15608175914935274 0.48194069468206435
-0.8594080170869708 0.9353590213543175
-0.5372113291119446 -0.19265784514263595
-0.07764472941412026 0.5931404652606647
-0.6747813459052733 0.8571264964485956
-0.7443359350567654 0.35190316711046754
-0.6807119501494385 -0.575305615105277
-0.294647736219505 0.00689586959464461
-0.6342615357888934 -0.9046690298271824
-0.27074417421675423 -0.6438038163304585
-0.10664757965133265 0.5424821983377561
-0.4084559122011422 0.0733260762626704
-0.44926596678715414 0.9598450743799989
-0.15707035780946677 0.5046006797677172
-0.9474454844343111 -0.6252673746179825
-0.040662247261551654 -1.0016774043187697
-0.6628382072116173 0.10128035299677518
-0.5080443868046617 0.6420394214999134
-0.8153054855083189 0.38508030256809644
-0.9314968779484519 -0.9422455760593982
-0.489742530441338 -0.2844050008084069
-0.42086754434519413 0.4196504047976939
-0.36297011254565315 0.46626918019308805
-0.45840791574629647 -0.9065921929364936
-0.43798961459205865 0.32074763082453184
-0.963171346052905 0.8573934320938399
-0.4372741921302664 -0.9342363630877409
-0.14295606094754698 0.2560604946238909
-0.591839528603251 0.412392796774653
-0.44166775455987217 0.29753782293965303
-0.7947170498717607 -0.5558111583055017
-0.08441563175962563 -0.04076013279057067
-0.4267227230839913 0.26037964855708307
-0.19565985766446037 -0.6992176596459605
-0.37651676925998734 0.9270294957470038
-0.4272164722302719 0.5593940665996842
-0.9827398829021251 -0.25837569777811265
-0.09812727466362736 0.7942207266582582
-0.39558396538772167 0.5509111762805541
-0.8878591165587763 0.8454247504310084
-0.2833912137316378 -0.9418494873633301
-0.8743312323203318 -0.902555033728879
-0.9376961618494115 -0.3968702745560465
-0.9427427870344138 -0.1392850473862537
-0.4380042366891418 0.2723951605484507
-0.2153644766365257 0.4418263309552053
-0.478407226755705 0.35773436876175335
-0.738291762008294 0.8390114625544549
-0.5251127547518943 0.1463308172050941
-0.449686653238504 0.4643401418141997
-0.9932750159487226 0.12782009025821894
0.3350054837629082 1.0211298128871633
-0.8989505984602881 -0.7689081435336761
-0.6033957324578677 0.9942478865422879
-0.50979966261932 -0.8853887974335841
-0.7250234144158149 -0.4017403692171917
-0.28915740655245836 -0.7354752924893908
-0.6631518002275112 0.23679350689065104
-0.28825442211211627 -0.7875190143942291
-0.35017455487146876 0.6746086345696387
-0.894063454811487 0.4007984195989418
-0.8235914762256175 -0.12212561373603392
-0.3495069891839956 0.011641494693539256
-0.8751832940657774 0.6013809332997004
-0.616755802181719 -0.40769238723983514
-0.24729531698678076 -1.0187592587405867
-0.15307351969155703 0.8139014419402626
-0.5074467340787452 0.1688559484183474
-0.95980747362452 0.4841353917538693
0.09952697254524878 0.9067535301937328
0.6386251505041449 0.78720772006641
-0.9095117994693739 -0.590632533010047
-0.04124686760664231 0.384057412631716
-0.8877100405256696 0.5713830059216574
-0.11452610540753827 0.6522214375712199
-0.0011726778075179523 -0.9339222031435128
-0.6685636481933543 -0.8693479289725696
-0.9376407534269683 0.41784265557242706
-0.5536867564639147 0.5330053932341667
-0.3210630473199866 -0.12602407785941516
-0.04883591876951621 -0.5694277491133211
-0.34588954477858946 -0.08283974113319204
-0.2932724388477421 0.3600835782444074
0.04092062764905968 0.4583569729207999
-0.9922324206638524 0.18039130006076687
-0.15552763479146692 -0.414468412884497
-0.8713724433762846 0.019419152744229784
0.16433867881467812 0.16151645111907809
0.3797985466407616 0.5751905109686035
-0.9778652067971999 0.12025136409302073
1.7550595123445532 -1.0188184218861884
1.1214206613471425 0.934032840304239
0.9017781402744407 -0.5551336237417619
0.07822124059023983 0.04242495474814567
0.8717675930482016 0.8646379090908771
-0.06699708149418548 -0.409627083617528
-0.16446467540210297 -0.3271155525555557
0.5916789014632515 -0.0781054897353124
1.2808476742969725 0.7362885837571216
-0.6575945148570176 -0.05620942247789695
-0.37890211846917354 0.6378293946481455
-0.35735223085398904 0.6197388763481173
0.2133795180901481 0.6797245987428904
-0.4580553495914559 -0.2229250267156042
-0.5680522465828773 0.537436753649857
-0.14548583857463282 0.28622704215948835
-0.6887765362554596 -1.0112311278747224
-0.6700282471883764 0.5898063662480828
-0.35087076688603636 -0.4677707184026454
-0.8840225924196679 -0.49907764037842417
-0.48765729956509685 0.9731815474681038
-0.7746587712178765 -0.04668223648629666
-0.8393105306395191 0.06598393715467354
-0.29385054493293894 -0.00842588900785235
-0.609820413510842 0.0071204613590138965
1.9930974802301158 -1.0428867355487552
0.08658657208874576 -0.5941504478274663
1.0218961307395777 -0.5094965778552297
1.5177807196956419 0.4498382746537892
0.11712031718551197 0.9518691020822669
1.198254740154324 -0.5762257397545649
0.6292596302554503 -0.31856638748760957
1.5227970120777918 0.5174963720209957
0.7054553352633017 -0.29183441900129814
0.15337626742572485 0.10026747039457695
0.23997513767233603 -0.007103247728853068
1.067261069349151 -0.23429072384272798
1.5002725925031486 0.7429961989392877
-0.852943024172744 -0.7617063522789991
-0.6174931843925138 -1.0361642345764415
-0.3548168249849707 -0.7091336387442244
-0.7967152588583836 0.3722697185652173
0.4576857047946503 0.9266241240980642
-0.24674121093749457 0.899861390811961
-0.25364557521278364 -0.9116050326539875
-0.6256954977171341 0.6493572341772924
-0.21077229430533984 0.2647180584489264
0.03869941762761919 0.5226837316003199
-0.044690994289013686 -0.5873810875139562
-0.9943609730735531 -0.6219964859492447
-0.18193338287245986 0.11878938604238898
-0.47515373561029595 -0.13047579394999798
0.4698681067002419 -0.8914126313799244
0.10574326003133905 0.08381246544999588
0.44491039421555456 0.3525206254661495
-0.6087968460267389 -0.02721044129392758
-0.419509713882105 -0.15643040410432507
-0.4366346456368988 0.288491323981221
-0.036262374525757646 -0.6249107109536319
0.11783167447720655 0.10337097539810913
-0.9644860113477284 -1.0367107567525577
-0.6081429836129019 0.7518318041722036
0.9255996307514773 -0.943263001161937
0.8161202188900794 -0.1773050641882522
0.8555444529316885 0.1392191792293942
-0.21235312285399655 -0.4452826301609727
-0.3278301436148656 -0.1288679866816831
0.2154224067280277 0.5103740618062991
-0.5465984789457381 -0.05101096259307414
-0.041492473976359356 0.9920299196984803
-0.007519824330715741 -0.47359467688245194
-0.12879884139679565 -0.016160079899202984
-0.8508776825774884 0.7336803233681366
0.9798073578070707 -0.7491862725875171
0.5547995006099973 0.056589284291503894
1.6244168786889808 -0.25653906066630483
1.5031959868614062 -1.023842242458254
0.21617506759649618 -0.04295181529020198
0.6437661354258439 0.19812826006240236
0.7663851144431362 -0.15708152987614166
0.29696946124818524 0.37120145098353063
1.536889248257471 -0.08444092566840411
1.292063621691426 -0.2413990172887024
0.06334949409696389 -0.4331855690586025
0.03502920478204863 0.4694574751105549
0.7110114071912799 -0.10121128728397
1.1600009136777336 0.9239565377189023
-0.8177796321936835 0.49700484876628437
0.3928947253159816 0.34278238084681356
-0.8655801022481187 -0.4204231323106892
1.2324235761178528 1.0131524696295273
