3.6380430939769752 36.56937321282432 -0.8714314029585699
1.7689496283990795 0.42067715755534696
1.4169866928934334 -0.29152992533264466
1.7600540496917159 -0.8523416788020768
0.07166158363878905 0.570272108656315
0.3186928243545859 0.858669041444708
1.1434719400309605 -0.7392551936890313
0.6571544063711283 0.8277538902084756
1.2823983106252093 0.11570688149182895
1.7533275466337677 -0.8400350917477019
1.546926009169543 0.891548503429481
0.07047977255616411 -0.9255114228982391
0.6994852274702223 0.4749368266625542
1.2243690479479943 -0.5924767066192498
1.6296555995995616 0.4539731775538747
0.4445346275653268 0.27725302134504837
0.4098097084076975 -0.1968345420945703
1.5317852629602733 0.18237058165557585
0.2598243006605614 0.9296022815094367
0.4051317168549238 0.6279650280967839
0.05307014832142043 0.8941944262008941
1.0774013281929506 0.9669699398455769
1.5977619527308806 0.038730083099887125
0.7484318392507785 -0.35954982681657144
1.5944148255960782 -0.7579590284875122
1.0401494784852834 -0.38526908397282467
-0.3130933458015648 0.8212614040322874
0.9355025365015281 0.9531563895959592
1.6020566033371022 0.3779950626107422
1.8934186178102745 0.19467600456632383
1.1264452806376197 -0.7744030796583825
0.7242931825253685 0.6010340329062589
1.9384476411443545 0.6431026602318757
1.069586691796022 0.9193082630855602
1.09098957900899 -0.1617066821873694
0.31027787838401855 -0.621524807272302
0.3941887563714115 -0.87345194804066
0.410467985832339 -0.4669397738234342
1.4111387317885309 0.3180495912051522
1.8608838307829538 0.3373852910872883
-0.7945535193536012 0.32713401164979117
1.241151288109097 -0.6510921087016988
0.606660462884971 -0.6784746798759362
0.7335680237294011 0.42801829250375834
1.4279868146150592 0.08535107930666719
1.3156292598278458 1.0325227186294768
1.0539327024564962 0.8969374868756685
0.6078478129589864 -0.6123087797566948
1.683375594769306 -0.8582199772239857
1.1144261325205527 -0.6091038069152437
0.3124948663128788 0.5510744473679787
0.5969858568697044 0.3564240506151324
0.9997067603094507 -0.8578347148841942
1.0815905797918006 -0.2342116968460226
0.7239804234494647 0.849051251467345
1.2255730799133069 -0.7262446167013603
0.12696481354853462 0.5192212594474452
0.7626939157915675 -0.042171679031066445
0.11341158987377731 0.04351334567581966
0.5262792727848749 0.13820832968402774
1.1157991822011946 0.6375970212095678
1.443865274700722 0.035661579893195405
0.7139803052741098 0.0677186451664562
0.8245083082179572 0.1976389413570192
0.7917873250105356 0.7943488913966381
0.9382165763443902 -0.19215483519476217
0.5722973725448492 -0.3118581995278319
0.4827696415325733 0.855651597551645
0.6600118243236845 0.9248540923992365
1.2832994067153378 -0.816027844534069
1.6951656656579233 0.19139654155222918
0.5771169320916747 1.0051734429713421
0.46875728713707465 0.7468856923109632
1.4304486648220012 -0.9917845069028697
0.8714727246523792 -0.37819916662508213
1.0987559412680694 -0.641571340215523
0.5012790958963798 -0.2118521776308835
0.35898995440236003 0.5853304979536476
1.1745000981459532 -0.6851772918162001
0.259537340752924 0.34780460071681163
0.8188415212637727 0.35330151294872536
1.9699635348504412 -0.23826923107729814
0.49305162807338476 -0.6555298523580451
1.4883207030288355 0.8493241888849623
1.3366313551493278 -0.330940689655438
0.6404911327883251 -0.2486092957530881
1.4232900364019248 0.2394854242875315
1.7027776424771361 -0.6917721664866395
0.5355862138668956 0.5247291432509029
0.22719665324286975 0.28864788859953405
1.0732623473695377 0.8521079121514079
1.8975144512143038 -0.35385408928128936
0.15737219432545224 0.6887135351687503
0.45315330568157264 -0.3448648778291955
0.37399707084918443 0.6250420973674873
1.8857322766658355 0.31496537886120146
1.8081078631449459 0.45055274228537767
-0.8888800930496025 0.21433605287811464
0.5940125267268095 -0.5308538965382138
0.2770693979042922 -0.32457154759131723
0.05630095249862088 0.17789139299938728
1.3510924494706682 -0.2965406820203075
0.5121525777819178 -0.32695328496595377
-0.1681532012411059 0.9796963849318521
1.324626478582362 -1.03514236344983
0.9983211608042173 -0.08731478495974598
0.1395446555053872 -0.2453398700455619
0.7611840484066201 0.9659407534658493
1.0484080774137032 -0.8661827896784651
1.2877828442129968 0.5381681629761759
0.9677730265029232 0.6239718847742297
-0.9981580403244974 -0.5153842077041701
-0.5392559339882775 0.7965667548192692
-0.2843770666053862 -1.0146405204440656
-0.1398365768392852 0.059580520064620446
-0.8120148175504927 -0.47936320317163006
