-32.37107007290116 36.24256335558938 2.620301669352969
-0.3971412847068576 0.1566126623758346
-0.9852561950475006 1.026041725534559
-0.5828766493340545 -0.5058278975471264
-0.645112540920734 0.02660769149888642
-0.2096766688628695 -0.5766423998905734
-0.08681140545911081 0.5282304944815077
-0.7147235411107166 0.363094543057769
-0.1861894175743889 0.6444394455044957
-0.4284238348220387 -0.7453026647730153
-0.5994338613973346 0.4392262266064988
-0.7954624413568856 0.8087018016532013
-0.9174147031594547 -0.5772738104054418
-0.21459414288021172 -0.38033560673995637
-0.6485768677855931 0.2500352227190372
-0.8716660801373738 0.17765875810470622
-0.03108248907371114 0.2893821468730795
-0.4847005818173251 -0.9046515832957214
-0.45445618241321284 -0.8689657625030037
-0.9126957310468413 -0.948332851936032
-0.8677659958496874 0.05608005968502883
-0.2511861697373504 -0.8160375684185777
-0.2533115836316402 0.3135192647512919
-0.7951031707749046 -0.7736127215971371
1.9606023010866807 0.5938128603006194
-0.7632135793983995 -0.7183022205159566
1.5004949959537335 1.0228572932985969
1.3543521732052226 -0.5490983985488469
0.7712619803068836 -0.4495735649637499
0.20446257979491378 0.6245192571008173
1.4701636304883499 -0.428840436588557
1.2373125623476735 0.5304629711148261
1.2353583616010253 0.9558237307206177
1.816532310844131 0.7659161352383765
0.07708627288572067 0.9393235566899616
1.6024007847557455 -0.8671900970275508
-0.6785597502383928 0.6463544027996588
1.985944604384732 -0.3065223244381937
1.7213830053779926 0.3439022119453585
0.34210221193405 0.8752010865052646
0.8335949410426138 -0.6135041175438418
0.9887526000309437 -0.07341486633374128
0.5731535656723965 -0.5839793356849845
1.9013703422149106 0.21912438596361805
0.14568328326086344 0.4913785451128847
0.8571756213066513 0.42250250532442335
0.06245890037667623 0.25148437283621883
1.6233140542960323 0.5839544641617025
0.1147740033104685 0.6468662160838512
1.9859183429217784 0.42316745634432285
0.6638110859031301 -0.6463444041270476
0.3899129465072795 0.7899319755527192
1.192805588196149 0.17582620636827073
1.4375317064750073 0.6016395331648372
0.9032151710821148 -0.13829243015796433
1.1931618516549651 -0.8443507505878256
0.18545976621293403 0.3416873868645609
0.8480883959172842 -0.5531689289756014
0.44585177846741875 0.5773071682555544
1.4472310010880727 -0.7706942990659511
1.5981112961741069 -0.2599804574204435
1.6560652067728379 0.8242441144167596
1.8768844679839423 0.24646504492281518
0.4055866541330593 0.10085204498605504
1.152982343933738 1.0286955786241314
1.6737925402867075 0.6074598719628583
0.6886355303912661 -0.3282862074024586
0.6219938357084032 0.06974667907806387
1.7898056697366465 0.03996671195460055
0.8342393710865181 0.3687839728122111
0.5138776765150794 -0.1831121136792977
1.1091925153799589 -0.5876264867399171
1.773683539757772 0.8320004621695225
1.0212838942368956 -0.13283019466896295
0.5186601684396173 0.05439543885065512
0.23558542116464132 -0.48280311322518055
0.013934105826515442 -1.0325557244158057
0.3174770221716563 -0.7589817336713944
1.202419724658851 -0.6898017885171722
0.3365976537023707 -0.06579568153882542
-0.4052657212010272 0.9296231257034036
0.5503748141846405 0.3227718666829531
0.635460082372457 -0.2761139876320734
1.316733786136382 -0.4001825588201201
1.9060559266582855 -0.940002613507249
0.5698111628481362 -0.7612134045292699
0.9242151919334571 0.42396478538036253
0.8212728719325675 0.5795337562088598
1.3901520935141636 -0.266292951076172
1.722131725164357 -0.6487305399041243
0.32411423751714974 -0.9055778371488891
0.5822241682359981 -0.8714649783682586
1.1118644097095411 0.7134984794012398
0.7067364163975465 0.8232847880147289
1.0480961282068217 0.28458540053154935
1.9926063307872788 0.3588882584699107
1.6283274749027274 -0.9115397937503003
1.9289126128485332 0.6489563871680448
1.4046960170163265 0.21319869392232293
0.7610418966594363 -0.6373279586137703
0.06497145723434761 0.3565689430731471
1.5687382919383484 0.7423924745602031
1.9048547859685687 0.9413201352044596
1.841247210457488 -0.8733391731704878
0.03315620871996461 -0.9197112242093147
1.221205574055329 0.7052495291875116
1.978637104327853 -0.5360938026141258
1.8295624479771555 0.7890267996036093
0.5904827014839318 0.5305201620849365
0.4415586936342022 -0.9952605003729956
1.3346011211303663 0.14793502331074126
1.1174691979578162 -0.28809126440077004
1.6176000897455816 -0.4650041731723631
1.0662969804459133 -0.12439386600538194
0.04788780191101116 0.7679966192275756
1.7778466034549325 0.2784984462671345
0.28674157559174684 -0.8396850199184533
0.15508860338391584 0.28487482929136965
0.5334836100605413 0.37852295953849135
0.2778439277205895 0.1693418255383332
0.5701374438143665 0.13102285052915064
0.18765871228208053 0.759645020260115
0.46934279375643584 0.18514122547530065
0.408939965568905 -0.8336509585380318
1.460228895401881 0.09197648761334665
1.3378726106588719 0.8786000839821568
0.6128881223817446 -0.9576028049449067
1.876220448828414 0.397260608934735
0.8065172315776206 0.5456827186358824
1.091762561498598 0.23420991523167278
0.13548648914700379 0.07711395516511277
0.8745404796752918 0.2220029516379609
-0.7194734048128081 0.8295864149420116
1.2637344078754111 -0.9945401898477795
1.0940486958909332 -0.14305923146813537
1.235185214205984 0.33246020785625197
1.5595883992443889 0.03295450972971481
0.3713869834314818 -0.898227860864475
1.2469817649769368 -0.9693522206011115
1.7556375972364977 -0.9764388652863775
1.3943848725644177 -0.3903129956636606
0.9472068358021124 -0.07076480274449237
1.705152381705401 -0.352785035480369
-0.25854387171246695 -0.8048218604552067
1.4101878115612951 0.9855035766281548
0.40000388993093283 -0.8072012829799373
0.19688446946270632 -0.5772435764127817
0.7683922247427821 0.0016157141455503954
1.8747342061840415 0.4020510387186942
0.0018553719738909624 -0.9869869184956761
1.4080069673111195 -0.9688616186967218
0.4901468470857888 -0.02544193898728131
1.0812310147164599 -0.2093565708190751
1.527094093914 0.9051327715181474
1.0767209609068629 -0.880096760434403
1.0628317271844687 -0.6042410565405403
0.2927078909896341 0.9715882175953989
1.2638304450339093 -0.2565863440860744
0.7155969676902312 0.08281723913076289
-0.5310734812160143 -0.9826934358697071
1.1353155197853364 1.0379438664332732
0.3620547280174178 0.42745344512297456
1.1254663829064158 -0.11682163398271361
1.424570394402644 -0.8187837821686956
0.9851694000350184 0.48261091786799004
0.18018859366365847 -0.791442493597529
0.07817504959496513 0.6045057847878508
1.4870500204821702 0.03912295826285339
0.9812313579956427 -0.5126480589241769
0.5915878156888772 -0.3159737744427855
1.244488948416545 0.5977081531339752
1.2147205647613348 0.8128355714591853
1.8067918589663643 -0.2411067709091439
0.2536207516741227 0.22633532708424586
0.015254614538833255 0.4816563210510012
1.110366331849971 0.11477883413650769
0.4943699400245498 1.0026298562559333
0.8820000574101672 -0.9899510568513764
0.9240306796564592 -0.45793598257527335
1.3261388410690405 0.7003531176900748
0.6755363802109531 -0.001712630823606398
0.05622507369327856 -0.3390246092374568
1.63779823575996 -0.5646982874030901
0.09794885868115322 0.9390180989637575
1.8579411621676631 0.4114761649845242
0.26022834855759536 0.896009079999786
1.575376975823291 -0.6877415781583595
0.17136608159646904 -0.10259110766609836
1.758301331414915 0.04073593682246002
0.3196324356893263 -0.5534861835994704
1.3775122214900053 -0.5097715252420555
0.656751742872504 0.7025942873149951
1.9566197274098505 0.4027282052004102
0.9322535595042734 -0.7506776149316109
1.883608970360656 0.5273324954235663
1.989886752197087 -0.8076248586718009
0.5008917883300756 0.38296305615616966
0.941690649627883 0.12249614472046755
0.014838695462672025 1.0096033555448007
0.24866418535989077 0.2353169264941566
1.2844203406528552 0.47717838375544996
0.5499154007685094 0.020299239664773427
0.21088109605465344 -0.9953166993111854
1.6519493152623586 0.060356646429933214
1.1326197596558414 0.9112751830627546
1.2524961366589071 -0.41673170545844984
1.5782885264700979 0.8923534733063587
0.04726360440304411 -0.12820607741224122
0.5012574579937779 0.5780918130687065
1.2864335225769299 0.7976279020653945
1.8326296785063514 0.6312112929320495
1.2228962114105038 0.9425337030035368
0.9159576386174924 0.585066673132326
-0.19656775959600203 0.7734961522678956
1.8377392665557473 -0.46466016983155967
1.4566899857468574 0.22639086369322614
0.160691356014105 0.0611425970536299
0.3985239855884013 0.6617410857845683
0.503801381284025 0.3593999659001492
1.2534255621340762 0.7274603409836453
1.3670013375865824 -0.641172158924193
0.5494846634850905 -0.30865189145838057
1.351706868253046 -0.024067376301269094
0.6946998711011112 -0.09014524819844716
0.9253469865725052 0.1613141037542587
1.1083566112613488 -0.5034975562841537
0.5330047217557974 0.6829749763237296
0.1613128923663507 -0.8782312048160839
0.9070134587411962 -0.8701201642149673
0.7213297592299082 -0.5928069669933642
1.4307504213090292 0.8400852683420887
1.7123056859530186 0.0569449978783938
1.687687342111508 -0.21499536740942993
0.1488669688890143 -0.10770674834177651
1.0423707047522752 0.26681125827187535
0.20559098818041033 0.3975016648577292
0.8729739026898202 -0.07158664443753027
0.3198987409399563 0.22870635942053275
0.3352793704218082 -1.018598034161496
0.20387772675614713 0.6264677226292379
0.049108014644863474 -0.8359297620972228
0.6200249447005595 -0.4695087597237353
0.37843633743680405 0.3053196383467798
1.7929019540101834 -0.46316863954715115
0.6479745626130822 0.18965826897643767
0.6504505141701653 0.44212856311444937
1.5168803886067743 -0.3851037317550139
1.4641785035119463 0.6469874117650745
1.989929350726805 -0.7014095126017194
1.3188382598777393 0.707113513749956
0.6682767801786098 0.1594069094632371
-0.46145982302638866 0.8910926054485029
0.38627579304484616 0.7284271456377576
1.6887061419578004 -0.9528138713481054
1.558352340035349 -0.09229432703458795
1.9521322676103368 -0.18913984801561323
0.40141215554916254 0.07612083017785398
0.6555566481294623 -0.9912861462224449
1.8673892312965679 0.37157286982603543
1.4363188203435375 -0.14672630475035076
0.7654225555060368 0.9031320704067207
1.3627777953987348 0.7894506157591576
1.5802506068307216 -0.15040568924141895
1.5128322483600636 0.05624259157139555
0.9631531986130317 -0.7902882966173054
1.8182107642087262 0.9180273061635675
0.47150701167725195 -0.8378191846820604
-0.3937550721952626 0.9202288480912237
1.418289294985334 -0.43611196720489853
0.7713901685487006 -0.4377141074523745
1.0137459812945466 0.45009946428654546
1.8111249894620802 -0.08886160870392901
1.2129981016535498 -0.9941044249849678
1.9119303155837168 0.48247689316231424
0.5502320660527142 -0.999164437635089
1.5103969198200757 -0.28884048163795195
1.864477008135359 -0.7314071334322505
1.97446739164935 -0.08089340154796609
1.3966705067136935 -0.6790352785208266
1.6223101115392637 0.3532367071304776
1.5685479612429556 0.974560373482092
1.1227059681716804 -0.1019830683455174
0.08638631035210809 0.08079160194758783
1.1188111980043058 -0.9514944577818878
1.488163173485959 0.4361523368789968
1.029897988122304 -0.6291701716305451
0.9088523117329976 0.006874564186216903
0.4257838889812944 -0.9568378647527704
1.3842932334573659 -0.4723939010093765
0.2833073380387283 0.9758638330032474
0.5663640475932263 -0.859065412052501
0.9827716395042061 0.3940503787504872
0.3711133801982087 0.7345384546073181
1.0625583249891313 -0.9323138802826798
1.1995001050490028 1.0244801620659965
0.5955654094656762 0.48291249380846035
1.3283811688589169 0.9607385499234564
1.718496425545431 0.01963386053739513
0.17680544660240338 0.37962785400700105
0.5336195574688425 -0.7492394912817835
1.4216065660711465 0.4673054353316084
0.3555838568270222 -0.25477001477131844
0.6963481950296442 -0.19572499739939608
1.4667232230495113 0.5394262940094741
1.11464709426486 -0.7226189654677064
0.4900546600900708 0.05247269657271936
0.14071634724688797 -0.15066162288526697
0.33181657085864336 0.23816794786744344
1.6884476500697652 -0.7093959516235304
0.5930809179336813 -0.385009716888863
1.4507239817689719 0.6272892720002232
0.5001492999169872 -0.673999152780848
0.8906262046050248 0.4262966270184074
0.13814990217396894 -0.5070966148527015
1.816201391676851 -1.004799428695539
