-11.812905407955675 -36.2971357586079 0.693128935244157
1.187091412950727 0.9214190101271356
0.23874755036715412 -0.542903280818189
1.866869019639826 0.004515994977040583
0.24515862881202288 -1.0041105882744912
0.46081036253117214 -0.23263898589254728
0.07694779091066284 -0.10145203162393468
1.008573739068786 -0.22055510092942543
0.8130990950336217 0.9187506085212178
0.3063551144374177 -0.2538966348780374
0.4346190893983126 0.29798917818646053
0.3298529625312545 0.08285572097538485
0.40509060980224154 0.8159736185813495
0.1823765460986455 -0.23868614134297528
0.3744115764435929 0.8949093955558045
1.2906802544638536 -1.0115254284358868
1.3095992837373696 0.3838500682641577
1.4853980982159154 0.847654865814266
0.2160432577474949 -0.9499992339086383
0.6367986607316456 -0.05250390364477253
1.1406476448882525 -0.17319315591863138
0.26630820639685293 -1.0033633178373982
0.4567168939582418 0.28139731473106555
1.7094727222624142 0.15885538889834527
0.3619634968741978 0.682156041970291
1.4491612070404352 -0.5630987301774003
0.024651474224850478 0.3423359965557138
0.5486871637150577 -0.40093014602714294
1.638560388103289 -0.5332009062470272
0.7695698007003846 0.47250327361659594
1.1177655398320159 -0.9153899648606095
1.1332578493515357 -0.9641130669036967
-0.5453877105024308 -0.032945922614382006
-0.30292893515998387 -0.19752446925874023
-0.6444403800384209 0.9294997681010613
-0.7349960879360508 0.5833546444916748
-0.13875788516745957 0.9961496905657519
-0.5806235477736053 -0.5535848614730958
-0.9747845641393301 -0.2843515500046043
-0.4451595471543016 0.2642082854714827
-0.020146697270059133 0.5524069211101836
-0.6479285012996568 -0.058685766559949615
-0.9572524613838974 0.4511063697364812
-0.3428427271308335 0.8125918099498035
-0.3416196364534805 0.8812700287789261
-0.051252075954923204 -0.10761489256799295
-0.30692506582216694 -0.94947548026818
-0.2634442222729707 0.31265868451131307
-0.21541475611964134 -0.292837545481449
-0.10266574820687213 0.4394818816960475
-0.7230515919435432 -1.0115950789663601
-0.38639522297422235 0.5127991464307329
-0.8311217271103275 -0.5057375064451085
-0.8869353466364825 0.4959670168582655
-0.09076657735617 -0.13993822420387436
-0.5392263736188586 -0.9385181625089046
-0.9697501489482244 0.07527417338483744
-0.1082543974869995 -0.4667280992910664
-0.52321447759252 0.24543271910483488
-0.013469806321654842 0.43779503737878356
-0.2105768441050262 -0.12274587174924201
-0.031147917075151854 0.469157752385456
-0.5449615558912008 -0.40781254507624687
-0.8479066166209379 0.6618926648863692
-0.7212667351142681 0.904413311108895
-0.2768810134910873 0.1862366823762862
-0.717496987006157 -0.4543651034611974
-0.4192712736984312 0.14587561585585052
-0.2004294887114818 -0.22739188384126852
-0.6884901236859371 -0.8255784766074453
-0.4344406724390144 -0.26054340368109186
-0.6587483456754986 0.1725121675249479
-0.43417993576383285 0.8531212338157901
-0.36743360132241953 0.9414966019951181
-0.3333970735604408 0.6410487192345937
-0.08932689808291039 0.27933376651232034
-0.3661082598228599 0.4589722403502525
-0.5308970124361567 0.9235732757452579
-0.9744561078287799 0.3512333879207974
-0.4347339078137611 0.6177308896081868
-0.6743872924731081 0.7142380172286869
-0.24769086680077634 -0.9178240098199584
-0.5241378688064151 0.743742824620045
-0.6555931049535255 0.549921295138726
-0.9521557718222041 -0.3906367334037184
-0.08216275587637367 0.6140954339604494
-0.16879121895109794 -0.7488253805384117
-0.04271458164632791 1.0017423294303958
-0.9840713550898849 -0.34743508627368747
-0.8248476074063901 0.3883412503411807
-0.12839387342843633 -0.1661695363688408
-0.1637715161044926 -0.7325271036435862
-0.22314897654324928 -0.5761733578282942
-0.7026841746533516 -0.4301823993124487
-0.24159774017492186 0.7982871057414105
-0.028971509236445647 -0.3720736141867865
-0.8399858901632187 -0.09458960023052676
-0.1253600809683575 -0.8891045913440283
-0.43672396813842307 -0.31951426600726485
-0.4008051900899172 0.36205969396408966
-0.9659421428748646 -0.2684136760155307
-0.5568840215423805 -0.9904555058938768
-0.5804610535428922 0.19551505133949543
-0.7531005880391413 0.4152968701470674
-0.8333589139725225 -0.5339583711383794
-0.0671397712596068 0.5595379967351564
-0.9849818782626206 -0.4374452948252936
-0.531543773135479 0.874398100226095
-0.3120701978381105 -0.7357908090029102
-0.7008798600529745 0.8842924925153657
-0.8303880377625634 -0.35849834585028106
-0.9629684927918939 -0.09984656525055124
-0.09577203255178501 -0.7645910791573776
-0.8830651143223489 0.5304925589193072
-0.7168183835714693 -0.29046030332661765
-0.12164222187101359 -0.6616886428694797
-0.33388771067965406 0.04231065926595656
-0.1058445065151229 0.06669754163742225
-0.8529024851126519 0.34403910457549713
-0.22089743257570804 -0.8854424994702236
-0.786162370806134 -0.7868361561516919
-0.08987051361167098 -0.2730724361560475
-0.9941652055042027 -0.20382921532223175
-0.1869180566898776 -0.03834767377550907
-0.25502483150465693 1.010049541055211
-0.49639733107751116 0.27823234109320194
-0.4185028031245436 -0.968515037424244
-0.8785770233967963 -0.38482842366404657
-0.3974855873818871 0.25090628862267605
-0.988669503150711 0.23128455787537083
-0.8966857465047826 0.5588937213437104
-0.19028040329447427 -0.8993229867998771
-0.372816869532962 -0.5091361970435225
-0.7537673638232544 0.7367384257338798
-0.8882851961654541 0.7982474424397896
-0.05407807564243816 0.8886244864704631
-0.6102159887100895 0.1651564028649093
-0.787661585261332 0.28446091578279176
-0.7644214284014316 -0.8793094571568996
-0.28761652583518416 -0.6785195288168155
-0.14577991055613804 0.9090816365541672
-0.7263778409838235 0.7272188883061284
-0.4623229243543301 -0.35605223787664175
-0.5681358132748743 0.2616057460840058
-0.3563882951502855 0.18919611555938065
-0.8422394066593251 -0.33394783877596745
-0.6546921127923028 0.3333143824989435
-0.2576042421310123 -0.04783768876340333
-0.8159356922542031 -0.42129828470296926
-0.49110417568505615 0.3797851282916671
-0.13554848976338485 -0.6027650686595316
-0.837640508375289 -0.7595855094898007
-0.17202402361888247 0.6906050655911415
-0.3673747268916596 0.5794723066173058
-0.5903752076664583 0.17049380829852057
-0.8006417201917236 -0.9110244404185575
-0.809066808981151 0.21405311981585862
-0.17251657460136893 0.9333188463501596
-0.5045002974710634 0.05935731906968966
-0.8107783720324246 -0.5013796851876026
-0.6471660160164087 -0.5908562121771075
-0.09839321043153526 0.46155596165716584
-0.9429374996899202 -0.4551642652986868
-0.44661828608750054 -0.6630649544825795
-0.878933945710746 -0.5772266725291959
0.3388569119129885 -0.7143597549572858
0.5939659368499384 -0.9916802248651252
-0.15355016079728445 -0.7429166646371421
-0.5750720125681015 -0.7133204746415761
0.3741637725869458 -1.024292611952595
-0.07847106872303145 0.5268204302702413
-0.12894543990084173 -0.9146018358994276
-0.4869614223716364 -0.8631623948394361
-0.7855270271392086 -0.4199100533784129
-0.670026337015342 0.7164028118354886
-0.28344201676751557 -0.12268968143112857
-0.08694266317213772 0.2553361078342231
-0.3661144715760287 -0.2681002798353934
-0.41649736810333704 -0.5005350106854612
-0.08686863134478828 0.7061100478271249
-0.995019621951749 0.2985526786005692
-0.2481463755182175 0.6604360198483368
0.2869628862719589 -0.9176417946740251
-0.4756738804418248 0.8671407037915924
-0.8440384223994489 0.6277380356006139
-0.5482546591330991 0.06886315976418711
-0.3068259884199951 -0.39482311317163976
-0.7283583059835982 0.7634415149053151
-0.8782246826076705 -0.08335000046309837
-0.26727991365044845 -0.7238652873331157
-0.5197249032011388 0.6307774631587588
-0.08796361344224635 0.6514774374555685
-0.7594922074909065 0.0800929149013423
-0.8777433389280201 -0.8247821239469559
-0.08284304567801948 -0.5300436506246304
-0.28547785654007307 -0.21610812190598894
-0.16454004064323047 0.03658735939039115
-0.6534792046801967 0.7293856707942774
-0.39626857906590396 0.029544092351311946
-0.5096026598571503 0.5020143652963414
-0.42342377057886715 -0.9435371975209847
-0.9406248700735568 -0.5080042351614431
0.05786685373448819 -0.41240266484458676
-0.3279919650777978 0.6425980534246871
-0.8335551075009962 0.5908859119027974
-0.7699427323928723 0.44499196506816796
-0.8977101908884084 0.061351550160369195
-0.6646388381841207 0.4797337238617194
-0.38567124377877615 1.0106124608392355
-0.036275947381743445 -0.7344041022393886
-0.8880480891726606 0.19172296521447207
-0.21365891424427774 -0.14741845710626145
-0.609761213910296 -0.5181244154408761
-0.4197571236774096 0.2125829848417442
-0.26468443676376396 0.3176600620715908
-0.5111091234210525 0.7552409532373985
-0.20042250841197273 0.7142938491780026
-0.5590727525535711 0.5246766524047557
-0.1076899333212138 0.14203274225296836
-0.6045144253329391 -0.16194717121037683
-0.5073215609286621 -0.8191721453838501
-0.8674410339911982 0.5178021940998496
-0.8918578679626177 -0.6259085401737727
1.36254969890811 -0.15036243821034867
-0.320296931825259 0.25335227723472653
-0.2871231158369222 0.6762569093120241
-0.1310901222951254 -0.8657147282816686
-0.9032660402083026 -0.07134785445915182
-0.31726168541551814 0.41208045803823
-0.6297378342974841 0.7573180394825485
-0.5619182596069381 -0.18310780651459424
-0.5384903096886589 -0.34155869686707674
1.439902409987484 0.3600587251071248
1.3629972998009467 0.44399560392988224
0.1992144844415198 0.5452297348975366
1.0640436597900909 -0.0059144721788009225
1.245223611689617 -0.6136419955066582
-0.9703279326769381 0.4550900816081207
-0.8929907736687788 -0.7943818201639888
1.968869887049057 1.0080944148955633
1.1061782588149809 -0.8055648004800744
1.5143850362802707 -0.60365781603725
-0.318310777152389 0.9694825370644746
-0.9798520789982105 -0.21382699809919636
-0.904504013415662 -0.18761523999751073
0.7136852268259857 -0.6254292615327465
-0.28111156753838307 -0.5947975244249204
0.1684464828151222 -0.8856310043164819
-0.08503669359282506 -0.050476427536910395
-0.46643869124446447 0.5321620658266932
-0.2199194296421515 -0.5738822249145765
-0.6312610190247796 0.8192088417149488
-0.949769844671899 0.7272963029480914
-0.02791022886546446 0.4091639357144541
-0.9279221506558708 0.6232322030499233
-0.6482941057880822 -0.8919112713142859
-0.8849998689175331 -0.7519982324707546
1.2006788458149145 0.816626059606405
0.2587966956040355 0.7574996431365717
0.9969594475408099 0.8019138452166152
0.48876272686805633 1.0031521682098814
0.8539955061858486 -0.06258378680325094
1.3416062294902216 0.5515573807654046
0.28186342382645124 0.318815107254937
-0.04586211024101583 0.9043494951726696
0.1554664781030386 -0.1987968889575844
0.15895773086094556 -0.14409380284077877
-0.8784691282182358 0.7902126835257341
0.05689928584466597 -0.8089703875014347
-0.11747688202827833 0.7174281689167934
0.7814390882923798 -0.17469007462399544
0.08351515012226196 -0.8155467395341841
-0.39277280126568415 0.4256208790832301
-0.8453229210364849 0.3060811634527687
0.09104186344026433 -0.9367949768049808
0.06296205519472764 -0.9104948522182854
0.6287687911822577 -1.0208138083665
