-36.345422741568214 -28.643087915375176 -0.25018126853914957
-0.7742973062492388 1.0236250472575004
-0.8404573409848506 -0.0576003689806216
-0.8604945720248997 -0.714389759057245
0.6148166888431787 0.9774746121415048
-0.11931636589700667 0.39901360973810185
1.2979069570662665 0.7972094089810422
0.4721143294108372 0.8521259076168601
1.6876884363796822 -0.30855495793339704
0.2623933226309385 0.49368105985367183
0.3386549250098967 -0.22529257129201752
1.6203465737557652 0.46991765887158987
0.8709992459231146 -0.38765203697379647
0.8403117414100731 0.23725801541566716
0.33629171936856794 0.5510046068524215
0.15652573037987727 0.012443138397455478
1.858211579900348 0.5602553306381814
0.1655723675046712 0.8974814350081928
1.274079493582024 0.2853879716159442
0.5715316166736595 0.7090096019444345
1.0894167987540042 -0.041942953440701425
1.181814386147987 -0.7202622870853144
1.221242155307463 0.17833632977439162
1.2184660862643222 -0.590750445333551
1.546087622791612 0.44321896896527324
0.2522160246452474 0.5879962088120907
0.3107350772535493 -0.006710710434286726
0.9521049186975703 0.395235125787631
1.3969598112453965 0.42613879697798374
0.15198243031904757 -0.4986181892035566
1.2609089819601835 0.6572419368530091
1.4464328485067344 0.3485682770762668
1.3243692741675899 0.8670421858532051
0.5187198648618625 0.8544565312103827
1.0579288553764625 0.057060634369733965
1.6997438808082457 -0.8558838431200825
1.4924679032490111 -0.8357201454529506
1.4109475126113953 -0.09409456000948513
1.3753664467464404 -0.24874336135772812
0.7093800464183839 -0.9871144098234538
0.46835312847677946 -0.6700175272861769
1.7629889930880092 -0.7060359905151083
0.8652486699651534 0.17205264923034402
-0.5649044180835606 -1.0078538651299838
1.8677208393709201 -0.1482416224893558
0.8656758288342581 -0.2689611341830511
1.77065571387246 0.1629662521923978
0.11863737215236747 0.9800114257725394
1.9790664018278807 0.3906466309495047
1.8299037896352388 0.016923233875614008
1.9749539010679538 0.34738836077425583
1.6915832066400496 -0.2568923714796538
0.7202228370633326 -0.36067284219582296
0.47611102295358054 0.2395719901008435
1.0491515662916573 -0.6035625069120001
0.6640024772972746 -0.5294558623644864
1.735824907492789 0.4982303969817361
1.0075354944631636 0.9328804860301272
0.2465122028381812 -0.5372486384818576
0.6428786027378206 -0.5018897441248583
0.3429897545288809 0.34617442160492473
0.5007774836787917 0.44299148285721746
1.2178976553175538 -0.4404362170039755
1.9539599418592228 0.8805415831765857
0.6027557505162191 0.1305004324837673
0.6294175322539697 0.09025385991536194
0.9163031331825036 -0.6603687232912976
0.8222964717285748 0.026266981783664045
0.33165688520343295 -0.7039209039118053
0.4871309317820054 -1.036596565232554
1.4057744669713723 -0.2277113844963532
1.2340522577548931 0.08953243620869089
0.5006074953177371 0.6615448886871933
1.1505970780465247 0.3435565129049265
1.974239302248685 0.9501620857020956
1.009093445657641 -0.7136720281184705
1.0787367160220764 0.03555729317832235
0.30472963136945985 -0.784944227080174
0.8613969951615212 -0.6813446265998186
0.2400385339542921 0.6511020427491325
1.4104188930030213 -0.8623491497775131
1.5865193688695975 -0.8930654509500487
1.5569847927563374 0.5218225903151084
0.5861414678250019 0.4657121922976788
0.30155737801603566 0.3800429313827718
0.6835512099150975 0.4327713293126336
1.5859534158342283 -0.5087743233087033
1.6958336860326568 0.4697515336116742
0.2750290337932637 0.8470376035394789
1.905796964800758 -0.7591061622503286
0.8925511819496261 0.4037417907488401
1.032868827001923 0.5472816124187068
0.33315323478312964 0.14797817110288203
0.9122115865242606 0.731274313657071
0.7736575242490824 -0.2508514027123374
1.5611100086668719 0.4420780940310931
0.9299701312998145 0.4959022898093479
0.6806894726433277 -0.6934591387174247
0.6310145982938842 0.12570305827810868
1.7986186751507276 0.5313279355592597
0.5489643581842327 -0.7519839029295037
0.8017510978270415 -0.623538770906918
0.2642607171833662 0.9021481970476635
1.3032587028041487 0.5432689070431418
0.08180026568189458 0.31337229921704
1.2495488195354039 0.054851325365665726
0.2268491316699286 -0.2409022192864103
0.958961451882697 -0.08711502837993501
0.35789196147343594 0.32730187602776306
1.7461106223582301 0.7967820091248463
0.46154841823042014 0.6652950492086682
0.4579427603258597 0.16302001914984676
0.224638574769094 0.7222359225841939
1.218121215246991 -0.5261377109124515
1.3611714643701736 -0.4904439810743544
1.8774056426109351 -0.264937573489052
0.9289460257071516 0.2557030398055373
1.2943723992459204 0.318082787087385
1.382336464022984 0.42310602124984453
0.7419161033252046 0.26657373039499
0.8509880280071755 0.2620930412779454
0.8429677527561967 -0.9181461949801665
1.4089301999138155 0.43959629930227884
0.017548490343196388 -0.05960443642955471
1.4740362958922395 -0.4925904170484594
0.6794607076731531 -0.4209763778509428
0.023022445175078454 0.6719605503838006
0.1574262252258496 -0.6259594985824564
1.7005784748821258 0.8453540851069135
1.269796706617441 -0.12856826366987173
0.7464550961397121 0.9044695619655476
0.720789837131431 -0.3234094605370783
1.7051709067283216 -0.6221796210530757
1.2652584386561672 0.9355294075552616
1.4505955617579414 0.6112050571497072
0.4843811720869311 0.24457125534729096
1.9197529127742103 -0.9003803967427754
1.8052832561207035 -0.8555552401678379
0.29354693720751013 -0.8013098113699516
1.2778659783925046 0.9109043776437278
1.8046494839627059 0.24049120354726772
0.6199848958711023 0.24729670524642056
0.9926267620207794 0.15725106919886378
0.9513401568626207 -0.3662533637952541
0.3567955370968017 0.9396177784716668
1.2194384586798708 -0.007969581952022242
1.2721275810825299 -0.3132457102996198
0.9944714320566304 -0.6568495588123813
1.681021951366474 0.42972920766926515
0.6492947934087201 -0.666950971143496
1.8443328633778924 0.9130868307457927
1.0770751380770944 -0.763536177911025
0.9330675975419069 0.2894980480953284
0.3794459190278061 -0.828475759241264
0.21968481991427846 -0.4347122701650301
0.5370450692676916 -0.6171696875823223
1.5173480126110817 0.2792288381996284
1.7760255793342798 -0.800117268216601
1.036387166930146 -0.4768980497941673
1.350206520574511 0.0009329312036658877
0.6036219157563769 -0.9894129494977083
1.1852623706485912 -0.24841312428060858
1.745604934980522 -0.281859678108047
1.9497069127734834 -0.15403280005335251
0.7432715403313193 0.2102889504903458
1.3775424229742406 -0.12033621510160486
0.20847492828941006 -0.702460545806955
0.6462877116359016 1.0126848345024564
1.049875105867748 -0.1595073503939246
0.647659200704715 0.0376028399021453
0.6372131529403537 -0.9493953467283818
1.858607870894152 -0.6025557709526529
1.7696779462071843 -0.7793394685569617
1.924270549026828 -0.42667599493353325
0.4400274292366979 -0.45301464107768274
1.9587587167573952 0.37000883985873134
0.22356273504275515 -0.4902420324392516
1.319407510579575 0.10394311268795686
0.7791487323550299 0.37990227675885246
0.19689020901281307 -0.486062335443198
-0.8581986774419359 -0.9586566605600972
1.8045485183147596 -0.19505367767168058
-0.5238200961877374 -0.7358533485311725
1.4242926831330847 0.14085208346611244
0.22163317294974272 -0.39309327921540027
0.05878499153302208 0.902646982506087
-0.4178181909667824 -0.8222642767473406
1.666248418685603 0.22792155902918854
0.09013823884451533 -0.5595661733976017
0.6013342940927784 0.24945492603318353
0.600787602064899 -0.03873122895401959
0.01621902137049802 0.9351459566927369
1.3239226174461804 0.5737341792035271
0.04248330034868353 -0.5536338525889
-0.44668515359577 0.6445580910579576
1.986845114179617 0.9807391465202275
1.9633962496415065 -0.7301553033587443
-0.7344415908319764 0.5188371676077774
0.05915446976893124 -1.0105435346020175
-0.22112689280475528 1.022670951384238
-0.42722441413284884 0.3845061909641052
-0.5360294459981763 0.2490239915951975
-0.4939695328091419 0.04675973357154839
-0.2747529012007649 0.7123758153260431
-0.10380678704873514 0.49497127929426155
-0.03476647564832769 0.1375671167624497
-0.5266712159223048 0.13291992221430515
-0.8932078788363141 0.5497641618882816
