-27.671520991147226 29.79618839704827 2.2949623613768066
-0.7533325207750401 -0.888683085448929
1.2985672642663713 0.9690305277703197
-0.9484437593468714 -0.8558320355812359
0.014862066933129858 0.1297317333274648
0.6855572261701808 0.28443248648250274
0.3324984126067818 0.5425723876955095
1.918889719829163 0.3789636975656281
0.8678901815594386 0.5010160300154247
1.1629121997843779 -0.5102944285025622
1.269662315615542 -0.307198645849023
0.4674269104043838 -0.11243130897003872
0.16053296617623025 0.7775126981904752
0.3914798792171128 -0.7665927421334962
1.7277446580084361 0.9918386740532636
1.981654690137641 0.5314485553221824
0.736557771024029 -0.8678122750748416
1.0581043137497503 0.8020851654096623
0.8359273637350739 -0.14766089472973554
1.0712403167878728 0.5211722806644585
0.901126812994347 -0.5581625113462609
0.8804828487716632 -0.06578452790317846
0.22401608227726255 -0.1785668863796661
1.677555389851833 -0.8960287261254603
0.229142872088008 0.37431524407808014
1.2246875430519113 -0.4347831324581969
0.6247747843641731 -0.8088504176995159
0.9822157758958592 0.3912558686041907
0.012983759486126178 0.00741247523938271
1.4317503122214226 0.823397378527148
1.067147149938191 0.07187229639075055
1.1814164795624125 -0.15451852902269392
1.5384462095752016 0.00476230494330121
1.1353910439252575 -0.18977341098004696
1.6963099623652433 0.045355026659993136
0.3871067037621898 0.9436125878359236
0.4210314011713723 -0.10202598807710883
1.9289558254216694 0.17678931776196793
1.5283113295533535 -0.7610865640046102
0.611577751648823 -0.026274226318397265
0.3933542113943651 0.2345266991472792
1.1601742804607422 -0.45063643481280813
0.4671768000698302 -0.04447936363028848
0.02122237795728088 0.5912312929758434
1.7948759305776356 0.7857077464211806
1.833722475131939 0.9106666733258335
0.24922267764759098 -0.6893341768696698
0.016872301146646507 0.8500421688593867
1.0667252694851714 -0.7075688272596121
1.313721402398175 -0.283745388894014
0.254409421124834 -0.9504690535176066
0.5476429361712685 0.16475870683722693
1.39649792584445 -0.432010519872451
1.5201516704627518 0.30872144487430275
0.32153932199440227 -0.3952764621030094
1.466012668030522 0.8734308583084567
1.8234632144353067 0.14858952797238456
0.693935156712497 -0.03329855819330496
1.7435360648625595 0.3975708853627753
0.6650648501489744 0.21565813806904655
1.8146640194527572 -0.17959475996590257
0.8710372364572707 0.2467134288745576
1.4604034285857344 0.06536294828923661
1.3193766066408497 -0.8287826301106255
0.3681864399709296 -0.5465622563935051
0.05165997019115487 0.6399726080096066
1.12799373591597 -0.9956948338232766
1.534112787229176 -0.7416794726589406
0.3689461177256794 0.10997378690426296
1.669695063923974 0.1511632949378361
1.5015821255555406 -0.09209220900894788
1.0135298467610863 -0.5702709213404202
0.572162741176373 -0.7419773554435032
1.9767471334490727 -0.04282289034137188
0.5356379555341122 -0.46401675171721235
1.6198521298881743 -0.39083005369268387
1.0604307257491699 -0.7831979526918854
-0.6455234035007361 -0.6074466277359916
-0.17973112870175867 -0.7142256492765582
0.8539557052916424 0.7430265566329519
0.5079051020199974 0.8444819076992449
1.5994011483448212 -0.7627629688596785
0.22975434629771718 1.0447818803516726
1.7091132075659945 0.1983932646223756
1.0075497685678085 -0.4290183211245101
0.715901913214922 -0.04592013130428829
0.4853294099240717 -0.52527228338112
-0.8499025538162174 -0.8621283419214684
0.8017679169979444 -0.8525384999136693
1.5254577046357922 0.7801822116472548
1.129616629329576 0.6492296204780137
0.6335184529577278 -0.41898802974637905
0.5995677423959711 -0.2602734359833736
1.556698694515526 -0.17865875491395233
1.999899619284935 -0.5367112235008358
1.3173070452441222 0.6916829057387206
1.9592540702814825 -0.44638840811581304
1.4824069666620918 -0.3226367050483526
0.14374183212389346 0.8753727587462505
1.3473710704189683 0.3772258167248641
0.292610339587279 -0.5626936399142914
0.7673030812284329 0.36941115340060415
0.29284257893933674 -0.4221469997492018
0.28545609835376395 0.5711219376479331
0.8881168587811024 0.37117482053618467
0.962796731278327 -0.5244678691885859
1.481303333602153 0.9141708102882236
0.30796856602435563 -0.893257953680705
0.8328478403756119 -0.648778665482215
1.7496056817794843 0.9781127922779966
0.46843998313415436 -0.804735021419065
0.6986615356052928 -0.3465936513766531
0.04340358786045839 0.6073776679386231
1.351198631665382 -0.5620615042937055
1.9292496699266417 -0.3743771250397562
1.8909045736383225 0.4275800067955382
0.4232034701477416 0.7079538052805603
0.8007475315521424 -0.4050397704606914
0.8049363697330016 0.030073965687233084
1.4527153882688242 -0.09527633610661213
1.5927243098975272 -0.5736326387291495
1.5199056253192786 -0.009838911981257414
0.23211013259242774 -0.5562530278390787
0.470657090234714 0.710538285211014
1.7849873848933466 0.9472994361454155
1.47308331805956 -0.06240373481915451
0.33071192864860643 0.8526458849342446
1.02471645195939 -0.3106418540120164
1.2425827889830292 0.48613040085190384
1.9514205646562797 -1.0030771486865877
0.6039468195614126 0.7873047790093135
1.7637669007773877 -0.5848329486712129
1.0803647571688964 0.7760723978736899
0.26883636732174954 -0.9641869295216505
0.4112494129750752 0.68063221171764
0.5171866856910143 0.9161992858896537
1.2871975498221322 -0.9525822121005709
1.0741427943267268 0.7873711948781663
0.05122323237338189 -0.002735606703645699
1.523091259471662 0.4862415510713922
1.354678078829314 1.0225143839326838
1.5513691397633744 0.42140199516300125
0.4420401074930207 0.7069603686650805
0.928459446772554 -0.6421711642896217
1.5578627590342493 -0.36070510309426707
1.0075492749607289 0.05472506340979999
0.9162439014094237 0.7479994544318636
1.712899897526226 0.3014181682794579
0.2857554031673515 -0.13951968491111888
1.5975309241854565 0.3087368290927699
0.7272249199695668 -0.6593030140537048
1.3511597266157573 0.6699022185930288
0.7504176136697718 -0.8780256231878969
1.4261350712169647 0.8358722549486333
0.9334820452613228 -0.9109920977472701
0.5595401925809154 0.846476848277744
1.3592864500036885 0.4074467470620624
0.9627114722289118 0.34635467455160773
1.016828908681486 -1.0229057636344907
0.061120950846663025 0.4006094888810452
0.16241262250760236 -0.7084208804113541
0.8975927356476157 0.13664607727653477
0.8841754386548102 -0.2913772502451427
0.11734709385373199 -0.28351016246049776
1.6945839467319912 0.8252601133189534
1.9407191027455348 0.11652884701321731
1.9400463072880867 -0.8115779882112717
1.05261083474515 0.5053423311153784
1.5384859889890752 -0.5496318939992043
1.650677896619277 -0.4733456253904196
0.327143317213864 -0.6673349132973567
1.4994826775334031 0.37447322415777706
0.7202629862909529 -0.7959552669383961
0.05202189469795959 -0.18278052874527484
0.36118156818620983 -0.840071665083716
0.048708086899547975 -0.6429845715260065
1.8742342867729698 -0.2876701768642965
1.4575729643672086 0.5973000736811549
1.7520136277988039 0.35244914160637864
1.5039780725568712 -0.9970413208017808
1.7066648330634129 -1.007477790405437
0.9076849597400347 0.18687804358045002
1.2066770205431556 1.0296716204121907
0.35881587534773773 0.82834595395359
0.10620997831708134 0.42895185128230207
0.4160314982964344 0.7118414893478808
0.7130711642321486 0.3723294480069683
0.8557888495343693 1.0311414765859601
1.2985396196792962 -0.3416457621438108
0.8605876698312123 -0.21491788136467127
0.9118297517365577 -1.0322727806397396
0.7940647629370201 0.02615420136163671
1.904082364271189 -0.5314853374090611
0.5971843658089506 0.1598598718533284
0.3017179649752453 0.17160902799353073
0.2776552985150256 -0.2480760294938863
1.481772478889214 -0.295214727715556
0.9660973613344663 -0.06493045524557961
-0.05436822575828648 -0.915479935798017
0.4377975936895553 1.0007579742487567
-0.8260650510976637 -1.0173973800842102
0.9896715484110001 -0.420615776231823
0.7038299413007785 -0.2706017392714749
1.1347023023918852 -0.47923043233506923
0.6802597481097672 0.34746877520342334
1.7844065538164013 0.035129871365486176
1.748221153270853 0.5631968606682936
0.9571705024262402 0.842259089037503
1.6749170485285054 0.2489684370630536
1.3890898564195155 -0.01289108845879583
0.911575521174218 1.0354501908387073
0.09843030945281916 0.6841941635840867
1.2478072930726354 0.5214127729313032
0.6915245356112663 -0.7948300004660381
1.8588059907819243 0.7246209579589118
0.8994751455940666 -0.4053779653652164
0.5002886711201417 0.24654237561874082
0.7266114668995862 -0.5093808139957001
0.5757909713594218 -0.34676945773276413
0.12876379288781314 -0.528837046650583
0.3850202752355971 -0.33781440128545126
1.2235514988844347 -0.44182226718524753
1.3239072703860426 0.9253243085233467
0.34437417327008246 -0.41761889878355807
0.02212738768177669 -1.0013227973569605
0.076966019221832 -0.2775105885912529
0.08120251174591808 -0.6268045018944093
0.7542552229800068 0.5044612451763091
1.0513442711928493 -0.6639558233504597
0.2651245924649306 0.6517463549746294
0.41802129649049613 -0.21613791202591137
1.2886032894995036 0.7598009818778266
0.030176911630180436 -0.2655802553346793
-0.0006665010072191002 0.9442216244648931
0.05121016686287372 0.17980159581247612
-0.015556980934453013 0.4241708349564215
0.5901508596897365 -1.0360452485552938
-0.24313137729818646 -0.4815532180687482
-0.1360415578857902 0.7905545142212103
-0.43692905471798094 -0.3305266160738638
0.29195662567645986 -1.0114484888799182
-0.040681922601599196 0.6125562586893969
-0.04773914802432022 -0.5624938313058205
-0.1814195468547004 0.8661154538863374
1.9413201919259722 -0.8563899275729767
