3.8864891380531077 -28.10126751523874 -1.7247273573246074
-0.03539441249695008 -0.2447893336996052
-0.4083832553117942 0.9845191852023507
-0.8706412318033109 -0.6273633337052056
-0.9964943154271909 -0.06990149417341718
-0.09124270459453176 -0.2125947233814467
-0.323170210489364 0.019066884919577864
-0.693790044574663 0.11515765100185815
-0.02026662993006101 0.09015267181131992
-0.8165147268007811 0.5215008808525545
-0.3699554133465721 -0.8412211185361211
-0.30757170511568577 0.3696267839117868
-0.6904873087309951 1.0330260624786234
-0.9864602015698987 -0.8646267407929449
-0.234766561107554 0.3291834244341745
-0.7084038481362581 -0.4269167961071215
-0.9921597652757069 0.3144373164916672
-0.3298705406136079 -0.23386249962021477
-0.07825642175483216 -1.0245705211548166
-0.3000378775578081 0.2624035298398766
-0.011195616842348155 0.10158217136861158
-0.5181449884884707 0.8087170628142888
-0.23571954564893594 0.5920972974495307
-0.4694655549907403 -0.1662092815584837
-0.08520591953139256 -0.09694364216554396
-0.4222868054905963 0.6817938146903615
-0.31880465590131124 -0.6139635453254386
-0.21374805675085506 0.5564358237508575
-0.6016458423316949 -0.70822177497026
-0.3429049090842402 -0.9646494884793229
-0.667746966331407 0.11426102484156964
-0.3341951557144164 -0.6879741855727741
-0.947609844550423 -0.01709397364626697
-0.564685197199399 -0.5801296379341765
-0.1240839418848183 -0.8083786040863731
-0.9825683026662575 -0.8755561912525263
-0.9653786043199545 -0.46025219442035414
-0.7405419797293823 -0.2415466885975458
-0.8771853385318573 0.3822833921133184
-0.7838041952952963 -1.035509063071955
-0.919602802242359 -0.2646618663311503
-0.33932825775356257 0.5765830627165678
-0.28784042664706644 -0.22663553728361197
-0.6236008678511731 0.48027994238798777
-0.5366706567580898 0.4354251983108788
-0.8300481127858131 -0.2122433725890408
-0.7857191122705438 -0.16851770221523188
-0.7160766027311296 -0.1886140355324657
-0.3004286740089783 -0.2368001652056546
-0.2525708863989764 -0.8609064087530369
-0.7491124932825368 0.38265461575886506
-0.013597804218624665 0.4165654875593179
-0.8465780567000208 0.8050421660494878
-0.2390089190802872 -0.744410237751713
-0.7057682260043978 0.23459379575234807
-0.5242750687585844 0.3746942164487834
-0.922825464208101 -0.22444683856632341
-0.6033012284249112 0.5499164402323693
-0.12629852127124153 -0.40539597632129865
-0.8075990269120443 0.9105664829414164
-0.16945385885302866 -0.4643485310782186
-0.7866250449292543 -0.6287484834183474
-0.47482256064615347 0.8339535001485388
-0.3554761067459261 -0.7563378226577733
-0.8710002319836655 0.6751165454138301
-0.9038421186494547 0.6020095732976309
-0.24837287049435786 -0.7154756515903105
-0.6253040769621435 0.6448990462576225
-0.8965108161416088 0.3607856585135023
-0.42044035609888386 -0.8626823395359574
-0.4473239487760059 0.21159086382293135
-0.6830463232410117 0.6902754109086011
-0.7389644710477719 0.9635452904783823
-0.4958691114027879 -0.5639612366001301
-0.9582550428512189 -0.6554244226526914
-0.49202860487755196 -0.801341728711864
-0.2959217069065465 -0.43323362717886993
-0.9015133426345224 0.7859429974181789
-0.9034703913603932 -0.4193365670407224
-0.7658800904299818 -0.5952892112022752
-0.19351651293928918 0.33580839342780555
-0.41642051227733734 -0.10414583672014854
-0.4435950075852997 -0.29631846934205697
-0.1888744684932393 0.10196330664961839
-0.5688856406798752 -0.12568547273110786
-0.679789887351534 -0.4014376390911557
-0.9786174557387831 -0.6977054717241371
-0.2317738481178342 -0.21667805244039295
-0.13753689654819978 -0.7298855382765059
-0.3698866610168644 -0.8479996159946674
-0.4655284608117053 -0.10337061726400654
-0.6143255784340343 -0.04554904467135712
-0.6566970239523552 0.8496887715553807
-0.2877706149666136 -1.0341518525871534
-0.692711375971523 -0.9814442777794632
-0.2253463459099735 -0.7071504461092192
-0.22268597977253868 0.33163611524187697
-0.09322007167572877 0.6850302170823666
-0.5445444787414788 -0.4985811805626331
-0.1872304687677664 -0.3962267525372467
-0.19137915343430112 -0.9817110964106233
-0.543143254638456 -0.36100209305006525
-0.30349401814018095 -0.8179105674089859
-0.751003925031392 0.1792498542141152
-0.5193630132478959 0.6655389031680463
-0.26769832688367423 0.5278339212345415
-0.29308738358993025 0.31018114791233775
-0.086390012715448 0.5181979258208613
-0.34277630788552516 0.3721875045938452
-0.047184010020423606 0.8539349095171027
-0.9030073695910181 0.677806708330279
-0.9975119255601926 0.7390990093591574
-0.4381018512982223 -0.9784280122685565
-0.5523163654875322 0.6373736530702248
-0.25326797127001877 -0.6437687838154128
-0.33076155468158663 0.4956503297686692
-0.7179661402900576 0.02067557865304437
-0.15359154328529911 -0.5441137871883308
-0.3073668093587729 -0.49673671658019536
-0.41217563842265237 0.5364374720370149
-0.3477067934793473 0.5306839603255624
-0.6519342342525578 0.7910866557261651
-0.596890935859889 0.5932431229755109
-0.47892683771983424 -0.5537900278318812
-0.9376683411806701 0.508478564136492
-0.599083355317388 0.4888052489358157
-0.3163339195037864 0.39355887092107555
-0.2777885801763762 0.4112757395754827
-0.3056230639729164 0.3684824244302809
-0.626005901654441 -0.2729352274261614
-0.756757640941916 0.8015982968649222
-0.01463597403328687 0.2512806959530349
1.023308001423934 0.9345182914413803
-0.4160996195578782 -1.037523470759188
-0.4599409448540098 0.4560067185513579
-0.1877837977384058 -1.0239664378420663
-0.07498231545035194 -0.2621652458184893
-0.719703582258537 0.9467859833707608
-0.8417712912122257 -0.9231118097013402
-0.2054461413937524 0.706607209049376
-0.5969330874144194 0.7174245600650095
-0.8710720514853673 -0.6865877974857515
-0.020814511997361396 -0.2252244863671946
-0.2829559271949186 0.22812122595392426
-0.8113244564796959 1.0050760798774576
-0.3691020258437976 -0.7413237724481727
-0.6887172250134489 0.4293347398729406
-0.5840191981867762 0.6471469297973689
-0.5765509827162367 0.5940747220159979
-0.5583652685323188 -0.695828548919827
-0.5400281666585512 -0.3719303176947256
0.14447159486864036 0.9889744828567613
-0.1224220655768361 0.14728804952528707
-0.216558256075432 0.7172882237237836
-0.7695440257585046 -0.3578819456130753
-0.538859203149018 0.17129157999832612
-0.13958967863802973 0.5284729015960408
-0.731481779222627 0.5252578986702776
1.1032062466118164 0.6371456695856617
-0.21379074740703718 -0.6169642112160679
-0.38415771948296573 0.5614298446599955
-0.8395828989952691 0.2797875361400861
-0.33511902359148804 -0.27199867914905407
-0.5274520703745572 0.5301368355736404
-0.06747104153686201 -0.9162803295624109
-0.8778279493325138 0.23424510179573388
0.3722458114904743 0.6253360861250612
-0.556325770154364 0.09216419523375285
0.3015397783206377 0.4950757567424027
-0.842674870152676 -0.7216843968870654
-0.07334923625106071 0.3062641648745561
-0.67226783784694 -0.9401880560472978
-0.16825643012769498 0.9227027383120716
-0.4200567767821277 -0.7488278908385977
-0.17318826599150394 0.39386112237589854
-0.05066984885230441 -0.29861816619934933
-0.44174005192307897 0.6123694415438614
-0.27270912733371466 0.3953240220899781
-0.11447627619108025 0.024890960128542527
-0.8802225571459157 -0.07079052967406496
-0.9892026512283557 -0.33245555248241043
-0.5477574495058267 0.8776614117678443
-0.7637046288584306 -0.29409104762428584
-0.07057025150006802 -0.45684952797254774
-0.6534603827415864 -0.6465001249856419
-0.3755223998453854 0.9932901844516835
-0.26730884544084954 0.8020780510065881
-0.0676570098758642 0.013711148560156428
-0.5458919949837066 0.36258010546010966
-0.8433793392550987 0.5552211074438209
-0.9723128788762568 -0.8153958123763375
-0.03928648110216437 0.7603594535064053
-0.8135266748610139 -0.4209872515762404
-0.877698455051968 0.930922930472927
1.7297606189766164 -0.5392201838559864
1.0569011177965342 0.1455178859991375
0.9362520535772587 -0.21691729851310737
1.1711262406809309 0.7381477127117435
0.5080035770901157 0.7737447019295671
-0.24970167826911605 0.42120566018400374
-0.9492467373520748 -0.7695016618317221
-0.32906687766190335 -0.515181648288635
-0.9515737703802372 -0.20020120968713306
-0.9623719655767823 -0.6127310788681595
-0.9490422341400921 -0.5320816107482571
-0.1440384442203272 -0.38936396036344
-0.4623694069252904 -0.3338512756455154
-0.31282411449462055 0.23601685530873584
-0.28774714494443354 0.6931131164355682
-0.34461103805134086 -0.033409916865416056
-0.8639083044508367 0.31154871236849857
-0.12433670034528332 0.5464066614253316
-0.3374243688998704 0.6285511775294264
-0.2887963518413009 -0.94049785898457
-0.8873558947635304 -0.21120446433986106
-0.34190793274064357 -1.017647542672643
-0.5733471680655261 -1.0082467050560084
-0.3074242227174332 0.21553828153475174
-0.1117110989554373 0.20064030039206848
-0.2534584131039501 -0.4053238305077691
-0.44206363491781764 0.2862108675341448
-0.842265460538324 0.15318300889269687
-0.21723952233906108 -0.44127588094428694
-0.08441381868614495 -0.33753145767173576
-0.4649990761229701 0.21494332809805727
-0.23053877791179878 -0.811025012359561
-0.1962409463047411 -0.6979812971734345
-0.9118982756637886 -0.763072430996953
-0.5434271627050552 -0.4904461897251361
-0.4441984767606526 0.9034043154744686
-0.407938541252154 0.6769003222777112
-0.7631557937908665 -0.5583894364529114
-0.6034858587656275 0.7273619693559663
-0.010646389158293745 0.3576410451335499
-0.6047416435684508 0.8281823951812264
-0.06475210599240688 0.24728529772037966
-0.27010424071391015 -0.06352620033388134
-0.6395231893928487 0.21071321770658158
-0.7225888039571351 0.06789593331056865
1.8644717235860861 -0.8411530215065448
0.2763945924800284 -0.7059321084093626
1.2229614216319078 -0.25425877873120906
0.03239858740854773 -0.5323667913163674
0.4285149876453138 -0.7169413764291994
0.6959896437082236 -0.4795630431846878
1.1135821318421977 0.3141676528704169
0.24758087994207578 -0.5562406868612619
0.01424526366438128 -0.7558971476731341
-0.032462122840641316 0.19843270077145636
-0.024302876108648452 -0.11064828087108147
1.6777379328427253 -1.015188293328734
0.8927235786726164 -0.21332842829132048
0.06167913744552034 -1.0185081879110216
0.34498464165352605 -0.930433679658015
0.6283428548809578 -0.059746617194600504
0.7629969075888323 0.23394967033377
0.23525947242564094 -0.9908301650049693
1.053618992058082 0.2261115829665128
1.6704935231165252 0.44081903539735645
-0.4669634792849746 -0.310288089995179
-0.3351907076016921 -0.8958340013393526
-0.810180028757321 0.007146670702457447
-0.5084308492215335 -0.1526578103022984
-0.09447190127966631 -0.5327035605926083
0.4274356153065506 0.5322714179028076
-0.474813640831379 -0.7731556485151082
-0.29938687241225403 0.11790253711244758
-0.5755839466672527 -0.6970881901969601
-0.2578837599268089 0.32438158464739697
